 tritium tritium tritium tritium tritium tritium tritium tritium tritium
lat_bins -80 -60 -40 -20 0 20 40 60 80
time         
1950.000000000 9.650000000 1.620000000 13.533333333 3.145000000 1.542000000 5.221250000 9.676847255 9.767947069 16.125000000
1950.084931507 9.650000000 1.620000000 13.533333333 3.145000000 1.542000000 5.221250000 9.676847255 9.767982385 16.125000000
1950.161643836 9.650000000 1.620000000 13.533333333 3.145000000 1.542000000 5.221250000 9.676874702 9.767984714 16.125000000
1950.246575342 9.650000000 1.620000000 13.533333333 3.145000000 1.542000000 5.221250000 9.676873182 9.768083272 16.125000000
1950.328767123 9.650000000 1.620000000 13.533333333 3.145000000 1.542000000 5.221250000 9.676949657 9.768138111 16.125000000
1950.413698630 9.650000000 1.620000000 13.533333333 3.145000000 1.542000000 5.221250000 9.677162469 9.768055155 16.125000000
1950.495890411 9.650000000 1.620000000 13.533333333 3.145000000 1.542000000 5.221250000 9.676986205 9.768464028 16.125000000
1950.580821918 9.650000000 1.620000000 13.533333333 3.145000000 1.542000000 5.221395861 9.677474531 9.768124786 16.125000000
1950.665753425 9.650000000 1.620000000 13.533333333 3.145000000 1.542000000 5.221323573 9.677323694 9.768565414 16.125000000
1950.747945205 9.650000000 1.620000000 13.533333333 3.145000000 1.542000000 5.221475835 9.677596627 9.768576596 16.125000000
1950.832876712 9.650001233 1.620000000 13.533333333 3.145000000 1.542000000 5.221634235 9.677857310 9.768569930 16.125000000
1950.915068493 9.650008327 1.620000961 13.533334018 3.145001018 1.542000000 5.221544913 9.677619908 9.769077905 16.125000000
1951.000000000 9.650034121 1.620006377 13.533337874 3.145006753 1.542000000 5.221816650 9.678441174 9.768734755 16.125000000
1951.084931507 9.650061960 1.620011772 13.533339778 3.145011997 1.542000000 5.221712152 9.677848496 9.769265613 16.125000000
1951.161643836 9.650074796 1.620015011 13.533343118 3.145015243 1.542000000 5.221720300 9.678322393 9.769271361 16.125000000
1951.246575342 9.650086322 1.620017165 13.533344606 3.145017524 1.542000000 5.221779139 9.678310979 9.769304942 16.125000000
1951.328767123 9.650090151 1.620017697 13.533344281 3.145018072 1.542000000 5.221712951 9.678108168 9.769441524 16.125000000
1951.413698630 9.650078979 1.620016250 13.533343894 3.145016458 1.542000000 5.221486063 9.678539991 9.769481878 16.125000000
1951.495890411 9.650067737 1.620012204 13.533339927 3.145012934 1.542000000 5.221827865 9.677809418 9.769204852 16.125000000
1951.580821918 9.650031372 1.620006113 13.533335423 3.145006328 1.542000000 5.221364101 9.678218799 9.769452209 16.125000000
1951.665753425 9.650007834 1.620001615 13.533333699 3.145001645 1.542000000 5.221542923 9.677662407 9.768931447 16.125000000
1951.747945205 9.650000000 1.620000000 13.533333333 3.145000000 1.542000000 5.221481898 9.677509473 9.768836179 16.125000000
1951.832876712 9.650000000 1.620000000 13.533333333 3.145000000 1.542000000 5.221292325 9.677431654 9.768627930 16.125000000
1951.915068493 9.650000000 1.620000000 13.533333333 3.145000000 1.542000000 5.221359340 9.676854870 9.767803023 16.125000000
1952.000000000 9.650000000 1.620000000 13.533333333 3.145000000 1.542000000 5.221250000 9.676897792 9.768151800 16.125000000
1952.084931507 9.650000000 1.620000000 13.533333333 3.145000000 1.542000000 5.221250000 9.676854870 9.766827505 16.125000000
1952.161643836 9.650000000 1.620000000 13.533333333 3.145000000 1.542000000 5.221250000 9.676847255 9.766847559 16.125000000
1952.246575342 9.650000000 1.620000000 13.533333333 3.145000000 1.542000000 5.221250000 9.676847255 9.766267366 16.125000000
1952.328767123 9.650000000 1.620000000 13.533333333 3.145000000 1.542000000 5.221250000 9.676847255 9.765551848 16.125000000
1952.413698630 9.650000000 1.620000000 13.533333333 3.145000000 1.542000000 5.221250000 9.676847255 9.765758343 16.125000000
1952.495890411 9.650000000 1.620000000 13.533333333 3.145000000 1.542000000 5.221250000 9.676847255 9.765036112 16.125000000
1952.580821918 9.650000000 1.620000000 13.533333333 3.145000000 1.542000000 5.221250000 9.676847255 9.765000000 16.125000000
1952.665753425 9.650000000 1.620000000 13.533333333 3.145000000 1.542000000 5.221250000 9.676847255 9.765000000 16.125000000
1952.747945205 9.650000000 1.620000000 13.533333333 3.145000000 1.542000000 5.221250000 9.676847255 9.765000000 16.125000000
1952.832876712 9.650000000 1.620000000 13.533333333 3.145000000 1.542000000 5.221250000 9.676847255 9.765000000 16.125000000
1952.915068493 9.650000000 1.620000000 13.533333333 3.145000000 1.542000000 5.221250000 9.676847255 9.765000000 16.125000000
1953.000000000 9.650000000 1.620000000 13.533333333 3.145000000 1.542000000 5.221250000 9.676847255 9.765000000 16.125000000
1953.084931507 9.650000000 1.620000000 13.533333333 3.145000000 1.542000000 5.221250000 9.676847255 9.765000000 16.125000000
1953.161643836 9.650000000 1.620000000 13.533333333 3.145000000 1.542000000 5.221250000 9.676847255 9.765000000 16.125000000
1953.246575342 9.650000000 1.620000000 13.533333333 3.145000000 1.542000000 5.221250000 9.676847255 9.765000000 16.125000000
1953.328767123 9.650000000 1.620000000 13.533333333 3.145000000 1.542000000 5.221250000 9.676847255 9.765000000 16.125000000
1953.413698630 9.650000000 1.620000000 13.533333333 3.145000000 1.542000000 5.221250000 9.676847255 9.765000000 16.125000000
1953.495890411 9.650000000 1.620000000 13.533333333 3.145000000 1.542000000 5.221250000 9.676847255 9.765000000 16.125000000
1953.580821918 9.650000000 1.620000000 13.533333333 3.145000000 1.542000000 5.221250000 9.676847255 9.765000000 16.125000000
1953.665753425 9.650000000 1.620000000 13.533333333 3.145000000 1.542000000 5.221250000 9.676847255 9.765000000 16.125000000
1953.747945205 9.650000000 1.620000000 13.533333333 3.145000000 1.542000000 5.221250000 9.676847255 9.765000000 16.125000000
1953.832876712 9.650000000 1.620000000 13.533333333 3.145000000 1.542000000 5.221250000 9.676847255 9.765271618 16.125000000
1953.915068493 9.650000000 1.620000000 13.533335658 3.145000000 1.542032558 5.221425276 9.677017594 9.766430018 16.125000000
1954.000000000 9.650000000 1.620000000 13.533348760 3.145000000 1.542216068 5.222413194 9.677977683 9.769833520 16.125000000
1954.084931507 9.650756037 1.620156478 13.533504819 3.145155283 1.543410071 5.224420237 9.682098874 9.773992529 16.125000000
1954.161643836 9.651918454 1.620399787 13.533689348 3.145395293 1.544871698 5.227505653 9.686362118 9.779276559 16.126633509
1954.246575342 9.653595541 1.620749387 13.533944514 3.145741436 1.546887442 5.231599343 9.692525741 9.786754052 16.130241604
1954.328767123 9.655597704 1.621166789 13.534248854 3.146155153 1.549308284 5.236378637 9.700039513 9.795546685 16.135100358
1954.413698630 9.658086513 1.621687801 13.534627103 3.146670582 1.552359116 5.242576083 9.709162159 9.806316909 16.140988412
1954.495890411 9.660950088 1.622284734 13.535060377 3.147262573 1.555796998 5.249577244 9.719851662 9.819529466 16.148297145
1954.580821918 9.664416970 1.623010490 13.535584083 3.147981269 1.560053997 5.257976127 9.732704699 9.834117028 16.156289895
1954.665753425 9.668312269 1.623823900 13.536168262 3.148787212 1.564704182 5.267518926 9.746914259 9.851628050 16.166012729
1954.747945205 9.672423486 1.624682621 13.536781104 3.149638087 1.569616093 5.277317572 9.761884319 9.869191403 16.175597009
1954.832876712 9.676952379 1.625628077 13.537450019 3.150574623 1.574941493 5.287966881 9.778049767 9.888233632 16.186084840
1954.915068493 9.681519234 1.626579707 13.538115978 3.151517038 1.580134748 5.298651331 9.793817276 9.907812625 16.197074502
1955.000000000 9.686292807 1.627573813 13.538802581 3.152501902 1.585540331 5.309079415 9.810254322 9.926028282 16.206580433
1955.084931507 9.690906843 1.628530879 13.539444294 3.153448500 1.590300765 5.319016137 9.824503592 9.944434657 16.217444169
1955.161643836 9.694724234 1.629320120 13.539956388 3.154229483 1.594053066 5.326308607 9.835820460 9.957182958 16.224040601
1955.246575342 9.698415859 1.630078879 13.540422253 3.154979116 1.597202435 5.332540693 9.845145695 9.968401308 16.230364501
1955.328767123 9.701240190 1.630653293 13.540738070 3.155545416 1.598989512 5.336128015 9.850227762 9.974892468 16.234216678
1955.413698630 9.703149481 1.631032480 13.540889188 3.155918219 1.599325325 5.336495428 9.850915657 9.974898397 16.233669226
1955.495890411 9.703757734 1.631135769 13.540820116 3.156016095 1.597627845 5.332975434 9.845263396 9.969123851 16.231414491
1955.580821918 9.702597829 1.630865750 13.540453705 3.155744264 1.593434842 5.324354070 9.831862320 9.952463489 16.221467095
1955.665753425 9.699644878 1.630217302 13.539791928 3.155096602 1.586660617 5.310336071 9.810713871 9.927498679 16.208175975
1955.747945205 9.694906337 1.629195870 13.538852686 3.154079534 1.577659172 5.292051728 9.782567491 9.893990152 16.189632804
1955.832876712 9.687921799 1.627703906 13.537556090 3.152596459 1.565737229 5.267790095 9.745522275 9.849700995 16.164938967
1955.915068493 9.679026489 1.625814466 13.535973584 3.150720200 1.552747481 5.241349787 9.706241913 9.802554473 16.140267168
1956.000000000 9.667439000 1.623366775 13.533985766 3.148291523 1.542000000 5.221250000 9.676847255 9.765000000 16.125000000
1956.084931507 9.652731358 1.620507322 13.533431645 3.145495983 1.542000000 5.221250000 9.676847255 9.765000000 16.125000000
1956.161643836 9.650046771 1.620000000 13.533333333 3.145000000 1.542000000 5.221250000 9.676847255 9.765000000 16.125000000
1956.246575342 9.650000000 1.620000000 13.533333333 3.145000000 1.542000000 5.221250000 9.676847255 9.765000000 16.125000000
1956.328767123 9.650000000 1.620000000 13.533333333 3.145000000 1.542000000 5.221250000 9.676847255 9.765000000 16.125000000
1956.413698630 9.650000000 1.620000000 13.533333333 3.145000000 1.542000000 5.221250000 9.676847255 9.765000000 16.125000000
1956.495890411 9.650000000 1.620000000 13.533333333 3.145000000 1.542000000 5.221250000 9.676847255 9.765000000 16.125000000
1956.580821918 9.650000000 1.620000000 13.533333333 3.145000000 1.542000000 5.221250000 9.676847255 9.765000000 16.125000000
1956.665753425 9.650000000 1.620000000 13.533333333 3.145000000 1.542000000 5.221250000 9.676847255 9.765000000 16.125000000
1956.747945205 9.650000000 1.620000000 13.533333333 3.145000000 1.542000000 5.221250000 9.676847255 9.765000000 16.125000000
1956.832876712 9.650000000 1.620000000 13.533333333 3.145000000 1.542000000 5.221250000 9.676847255 9.765000000 16.125000000
1956.915068493 9.650000000 1.620000000 13.533333333 3.145000000 1.542000000 5.221250000 9.676847255 9.765000000 16.125000000
1957.000000000 9.650000000 1.620000000 13.533333333 3.145000000 1.542000000 5.221250000 9.676847255 9.765000000 16.125000000
1957.084931507 9.650000000 1.620000000 13.533333333 3.145000000 1.542000000 5.221250000 9.676847255 9.765000000 16.125000000
1957.161643836 9.650000000 1.620000000 13.533333333 3.145000000 1.542000000 5.221250000 9.676847255 9.765000000 16.125000000
1957.246575342 9.650000000 1.620000000 13.533333333 3.145000000 1.542000000 5.221250000 9.676847255 9.765000000 16.125000000
1957.328767123 9.650000000 1.620000000 13.533333333 3.145000000 1.542000000 5.221250000 9.676847255 9.765000000 16.125000000
1957.413698630 9.650000000 1.620000000 13.533333333 3.145000000 1.542000000 5.221250000 9.676847255 9.765000000 16.125000000
1957.495890411 9.650000000 1.620000000 13.533333333 3.145000000 1.542000000 5.221250000 9.676847255 9.765000000 16.125000000
1957.580821918 9.650000000 1.620000000 13.533333333 3.145000000 1.542000000 5.221250000 9.676847255 9.765000000 16.125000000
1957.665753425 9.650000000 1.620000000 13.533333333 3.145000000 1.542000000 5.221250000 9.676847255 9.765000000 16.125000000
1957.747945205 9.650000000 1.620000000 13.533333333 3.145000000 1.542000000 5.221250000 9.676847255 9.765000000 16.125000000
1957.832876712 9.650000000 1.620000000 13.533333333 3.145000000 1.542000000 5.221250000 9.676847255 9.765000000 16.125000000
1957.915068493 9.650000000 1.620000000 13.533333333 3.145000000 1.542000000 5.221250000 9.676847255 9.765000000 16.125000000
1958.000000000 9.650000000 1.620000000 13.533333333 3.145000000 1.542000000 5.221250000 9.676847255 9.765000000 16.125000000
1958.084931507 9.650000000 1.620000000 13.533333333 3.145000000 1.542000000 5.221250000 9.676847255 9.765000000 16.125000000
1958.161643836 9.650000000 1.620000000 13.533333333 3.145000000 1.542000000 5.221250000 9.676847255 9.765000000 16.125000000
1958.246575342 9.650000000 1.620000000 13.533333333 3.145000000 1.542000000 5.221250000 9.676847255 9.765000000 16.125000000
1958.328767123 9.650000000 1.620000000 13.533333333 3.145000000 1.542000000 5.221250000 9.676847255 9.765000000 16.125000000
1958.413698630 9.670509776 1.624909883 13.543074800 3.149919157 1.651124236 5.448321763 10.025430260 10.180883962 16.362951959
1958.495890411 9.793568435 1.654369180 13.601523599 3.179434100 2.305869653 6.810752343 12.116928289 12.676187735 17.790663715
1958.580821918 10.495990995 1.801896141 13.715182628 3.325661853 3.255368982 8.729458816 15.025691535 16.145294234 19.702566054
1958.665753425 11.374188502 1.985952381 13.853376089 3.508056285 4.391868109 11.022281129 18.499866056 20.288485197 21.979840525
1958.747945205 12.374783003 2.195451718 14.009165613 3.715638533 5.663717405 13.585955145 22.383314879 24.919457415 24.524167280
1958.832876712 13.564170511 2.444211186 14.192406478 3.962076354 7.147304363 16.574046699 26.907961165 30.315369156 27.488294825
1958.915068493 14.861689152 2.715269445 14.390161504 4.230546712 8.733639945 19.766542776 31.740461021 36.078839280 30.653848888
1959.000000000 16.349823523 3.025725468 14.614274570 4.537984338 10.512795691 23.342798394 37.152629479 42.532237310 34.197921238
1959.084931507 17.999837346 3.369274556 14.858586487 4.878034063 12.419378286 27.170112425 42.939653488 49.435324116 37.991673347
1959.161643836 19.585407459 3.698777854 15.089582747 5.204100382 14.193877462 30.726105016 48.314938495 55.845034480 41.513689106
1959.246575342 21.419007934 4.079081012 15.352230373 5.580273934 16.174979224 34.689572647 54.301147131 62.985011261 45.440157894
1959.328767123 23.252756077 4.458536438 15.609566791 5.955446843 18.073210832 38.478962029 60.019541996 69.805957954 49.192943612
1959.413698630 25.182252240 4.856763410 15.873919720 6.349023752 19.972589825 42.259803778 65.720607410 76.604346818 52.933005734
1959.495890411 27.054198604 5.241940433 16.122966437 6.729411483 21.698816881 45.683852843 70.873323128 82.753498615 56.322814267
1959.580821918 28.948919562 5.630313748 16.365001803 7.112786442 23.299637054 48.840935487 75.617754751 88.410640614 59.435208037
1959.665753425 30.773517437 6.002970054 16.588212828 7.480283903 24.693651459 51.571624575 79.707353840 93.291620326 62.127860845
1959.747945205 32.447579792 6.343677725 16.782913621 7.816056243 25.832268212 53.781682651 83.006441300 97.227836997 64.295750385
1959.832876712 34.060397081 6.670822434 16.959400831 8.138142374 26.778627524 55.594165913 85.697501069 100.438925970 66.065540529
1959.915068493 35.490468682 6.960083606 17.104665274 8.422507873 27.470289029 56.891450249 87.604814743 102.717972115 67.330124979
1960.000000000 36.814862890 7.227579750 17.227074434 8.685182231 27.971584130 57.799640082 88.922109612 104.289127543 68.199601142
1960.084931507 37.934919900 7.454463151 17.316344006 8.907043213 28.242661235 58.246100659 89.536947473 105.027057567 68.649011765
1960.161643836 38.797782959 7.631195117 17.376368903 9.079238410 28.399411066 58.480120173 89.841258481 105.391176619 68.908961022
1960.246575342 39.604165810 7.799952484 17.425360127 9.242490851 28.536302996 58.677855534 90.090420743 105.689858932 69.202271240
1960.328767123 40.238073391 7.938527987 17.459520979 9.374969625 28.710247929 58.971825350 90.495412636 106.174222652 69.683060050
1960.413698630 40.754161355 8.060751730 17.487753035 9.489733654 29.039624748 59.604731623 91.426136699 107.283655924 70.639447531
1960.495890411 41.132500655 8.164017153 17.515969207 9.583664346 29.612301044 60.762847063 93.169515705 109.361351646 72.322235096
1960.580821918 41.417382016 8.264681202 17.560692848 9.671221333 30.717516841 63.049741783 96.648753061 113.507489818 75.480269727
1960.665753425 41.642626406 8.370436333 17.631606641 9.759191462 32.428677628 66.615022161 102.093072726 119.994060567 80.340215222
1960.747945205 41.831658654 8.486736540 17.736197138 9.852576013 34.813615109 71.599614371 109.717099368 129.078673979 87.080085267
1960.832876712 42.025668481 8.630632821 17.892504388 10.372883522 38.176456842 78.637416623 120.491020792 141.916496589 96.570146251
1960.915068493 42.238904125 8.801636053 18.100820995 11.646095395 42.432517324 87.549054892 134.140373600 158.179825799 108.598200885
1961.000000000 42.514903068 9.021909027 18.388423606 13.557143275 48.047707426 99.309004457 152.155573059 179.648079021 124.514081554
1961.084931507 42.902924260 9.311043051 18.783142355 15.727310747 55.409846202 114.725965428 175.778017985 207.794873573 145.457374881
1961.161643836 43.362487346 9.632456691 19.229759584 17.853435276 63.479045402 131.621298201 201.665866253 238.644289658 168.538703606
1961.246575342 44.002442500 10.057337254 19.825323172 20.360983203 74.010074058 153.668216450 235.447999841 278.899748705 198.734814326
1961.328767123 44.774845549 10.546558603 20.514399440 22.931107266 85.963444496 178.689101837 273.787365152 324.585635072 233.103652294
1961.413698630 45.749515835 11.139749804 21.351663833 25.718112691 100.259669237 208.609938788 319.634176958 379.219765384 274.304448807
1961.495890411 46.884790846 11.807001875 22.293856788 28.526685911 116.199590332 241.967819194 370.746468410 440.125944424 320.137994047
1961.580821918 48.298290427 12.609745406 23.427073419 31.530598865 135.165498423 281.652610459 431.552918620 512.587110285 374.628157847
1961.665753425 49.929127753 13.511758362 24.699955230 34.598869270 156.463138288 326.214737155 499.830129043 593.949333170 435.275110605
1961.747945205 51.717750770 14.477245039 26.062397934 37.610837683 179.240337227 373.869380145 572.845680780 680.958543625 499.608452501
1961.832876712 53.783888879 15.566672903 27.600322559 40.748394580 205.053411103 427.873966778 655.589284974 779.560632646 571.566784696
1961.915068493 55.992317796 16.704218047 29.207505181 43.791325660 232.246992880 484.766605731 742.755756563 883.432783938 646.045047254
1962.000000000 58.493180177 17.960259281 30.984743318 46.923528835 262.516203599 548.090931890 839.778564647 999.050366897 727.496491926
1962.084931507 61.255108759 19.299955804 32.885844848 50.002794913 315.847140878 617.333332653 945.863816999 1125.467723349 813.221471109
1962.161643836 63.930483249 20.555948528 34.674304884 52.695955531 348.652954073 683.462927141 1047.182645634 1246.204322783 892.566263420
1962.246575342 67.070119613 21.981291148 36.731798120 55.545536336 380.730599853 760.521020844 1165.243486843 1461.133242553 981.393260159
1962.328767123 70.284186763 23.383491126 39.242771716 58.124247974 411.389293310 838.703990842 1285.027001449 1709.128130460 1067.318235830
1962.413698630 73.777236302 24.840136293 42.747646041 60.554737173 442.186346616 928.571591743 1433.010915276 1918.902949646 1154.797382414
1962.495890411 77.316082405 26.240012335 46.146763046 62.623074478 470.599261125 1048.462499731 1678.474064257 2113.431365533 1236.775751649
1962.580821918 81.135281026 27.648975129 49.569658611 64.355294453 497.587308658 1143.536414737 1845.192890180 2299.369719452 1316.340162895
1962.665753425 85.074526076 29.004587139 52.835367273 65.678487396 521.921780764 1230.829139451 1996.252859328 2468.101951207 1389.869032433
1962.747945205 88.982993388 30.250613493 55.783164217 66.523188427 542.469506554 1307.038972314 2127.644106159 2611.718935363 1454.173133397
1962.832876712 93.101896412 31.456337199 58.548007994 66.902196896 560.144553691 1375.268555746 2244.514319961 2736.632491211 1512.557972704
1962.915068493 97.146350872 32.532579114 60.894608898 66.751656656 573.389354239 1429.291478866 2335.991196622 2831.885110916 1560.481608409
1963.000000000 101.366231920 33.537666984 62.905886335 65.999999032 582.494736830 1470.298850595 2403.781943151 2899.756755977 1600.194682476
1963.084931507 105.601052827 34.397155844 64.339258652 64.481450343 585.454982438 1490.781953863 2434.542630499 2926.566149387 1627.022291570
1963.161643836 109.410411474 35.062011403 65.254154761 62.639900685 583.986053078 1495.404453327 2437.503354599 2923.403065007 1641.701407216
1963.246575342 113.591789777 35.681194934 65.924651781 60.205687608 578.481846623 1487.568621722 2417.836036405 2894.596452958 1648.156083762
1963.328767123 117.580871981 36.158250961 66.263718798 57.524325156 569.486062897 1467.770177181 2377.409294348 2843.127877531 1644.391012700
1963.413698630 121.620584093 36.524950275 66.343414060 54.453093796 556.774148062 1435.989455106 2316.111660770 2768.418271170 1630.416633625
1963.495890411 125.424613468 36.756508137 66.205815397 51.049930833 541.497167010 1395.434146294 2240.257027882 2677.892551743 1607.324951837
1963.580821918 129.200877800 36.860159565 65.893935203 50.490843472 522.870603940 1344.272883060 2146.875256593 2567.822604750 1573.391790522
1963.665753425 132.819877655 36.855576061 65.502125412 50.082138197 502.315845391 1286.931009851 2044.097474808 2447.406305265 1531.802737648
1963.747945205 136.156711225 36.756777813 65.099515145 49.686616964 481.004280199 1226.989716476 1938.505447372 2324.132296980 1485.213224025
1963.832876712 139.420597535 36.567141511 64.712143721 49.159188745 457.941090308 1161.919748979 1825.920275369 2192.939694329 1431.538997069
1963.915068493 142.390955591 36.354367615 64.414484486 48.466860150 435.016355460 1097.302700081 1716.296283251 2065.262426731 1375.229440034
1964.000000000 145.251201714 36.274967742 64.242945190 47.751453935 406.057598097 957.958762062 1605.205320368 1935.768420668 1313.439500671
1964.084931507 147.843310034 36.182055645 64.298933095 47.018467229 394.239170816 925.727697164 1500.604975247 1813.481498195 1248.835849340
1964.161643836 149.986946245 36.098135042 64.485482663 46.356414721 383.564462305 896.615767578 1411.290245156 1708.802600038 1189.493696559
1964.246575342 152.156614513 36.022178850 64.795663937 45.763475581 373.429121135 868.632116325 1317.608578664 1598.767234064 1123.522618691
1964.328767123 154.045640286 35.962186102 65.168225419 45.301276371 364.962085405 844.936199043 1232.272671759 1498.318620935 1060.058743132
1964.413698630 155.780723591 35.900193596 65.588431025 44.823670520 356.212815150 820.450417851 1149.551941978 1400.761196027 995.556557578
1964.495890411 157.246909943 35.840200849 65.987755355 44.361471310 347.745779420 796.754500569 1074.848271119 1312.514919675 934.873132656
1964.580821918 158.522677045 35.772602126 66.329509816 43.900178261 338.782690010 771.109981193 1003.759317752 1228.439804533 874.930625282
1964.665753425 159.599315191 35.704718341 66.559317060 43.439714677 329.808728439 745.406542927 937.812291478 1150.419928617 817.875518548
1964.747945205 160.459057769 35.639024355 66.635177806 42.994104757 321.124249500 720.532247830 878.780760404 1080.607612462 765.666258831
1964.832876712 161.166864205 35.559057473 66.523133763 42.446608603 310.534575937 690.000125921 822.589691763 1014.236160242 715.005536144
1964.915068493 161.684233811 35.463155743 66.194378245 41.783417258 297.810817018 653.054121718 772.720048071 955.466010600 669.264449320
1965.000000000 162.047497869 35.364057290 65.580003781 41.098119534 284.662932801 614.876584041 725.857001592 900.448387095 625.534335631
1965.084931507 162.206558079 35.261119670 64.586499252 40.397238233 272.340538683 578.877803969 684.487501099 852.221585831 586.129858083
1965.161643836 162.206172293 35.168143754 63.448644783 39.764184154 261.210634319 546.362776807 650.804435124 813.203286767 553.558533530
1965.246575342 162.058389556 35.087118426 61.980704858 39.183203147 251.487677023 518.128800083 617.035093378 774.326698799 520.471536546
1965.328767123 161.762876526 35.026170125 60.381561534 38.716519675 244.150020941 496.993865125 587.769650526 740.871025516 491.390896878
1965.413698630 161.298826834 34.963190214 58.585927461 38.234280086 236.567776323 475.154432335 560.810144702 710.276642079 464.204852304
1965.495890411 160.689829416 34.902241913 56.750765772 37.767596614 229.230120241 454.019497377 537.698740948 684.246521459 440.525158873
1965.580821918 159.874830721 34.839059423 54.807196801 37.274770551 222.260219620 434.653254654 516.863421001 660.956253990 418.752272862
1965.665753425 158.898942775 34.775866633 54.145843345 36.781406193 215.321455135 415.412767358 498.298989072 640.307050187 398.993287291
1965.747945205 157.804139644 34.714712320 53.868417467 36.303956815 208.606521762 396.792940943 482.209246347 622.461623208 381.545334358
1965.832876712 156.521672448 34.639362547 53.363396716 35.715642319 200.654897597 375.387525751 467.222389851 605.838659799 364.998820330
1965.915068493 155.139751277 34.547815775 52.540102480 35.000817598 191.407815023 351.355379597 454.020354290 591.138489739 350.200305468
1966.000000000 153.569363769 34.453217444 51.689365102 34.262165385 181.852496364 326.522161904 534.126120127 674.557713519 335.992717751
1966.084931507 151.839946570 34.340412208 50.871890387 33.550692805 173.046350286 305.607516939 499.019560279 632.236027168 322.828609642
1966.161643836 150.175402315 34.238523608 50.133526128 32.908072410 165.092411892 286.716869874 467.310409449 594.009987882 311.545721559
1966.246575342 148.242326344 34.134247229 49.491296264 32.343937460 158.178270448 270.948817429 440.702025036 561.808579919 299.587544174
1966.328767123 146.290798629 34.040131797 49.009447320 31.915423191 152.995025305 259.791060523 421.724715038 538.711424060 288.507160032
1966.413698630 144.206059777 33.942879184 48.511536744 31.472625113 147.639005324 248.261378387 402.114828040 514.844363005 277.522782088
1966.495890411 142.145312903 33.848763752 48.029687800 31.044110844 142.455760181 237.103621482 383.137518042 491.747207146 267.324589529
1966.580821918 145.685264360 33.714343279 47.591859576 30.644241524 137.633658792 227.626678761 366.942325695 471.819945029 257.294394610
1966.665753425 151.223369212 33.578032915 47.157086387 30.246555024 132.838705805 218.254112621 350.920761888 452.093011673 247.725166374
1966.747945205 157.662968955 33.446119659 46.736338139 29.861697119 128.198428721 209.183887324 335.416022721 433.002431005 238.934380058
1966.832876712 165.058766017 33.255715905 46.253335658 29.416473639 122.849292368 199.094052438 318.205576332 411.696235914 230.370678955
1966.915068493 172.764149348 32.988569176 45.712014182 28.912773287 116.823556870 188.230655278 299.728630707 388.657500910 222.619580512
1967.000000000 181.129999997 32.712517556 45.152648657 28.392282923 110.596963523 177.005144879 280.635786895 364.850808073 215.216685164
1967.084931507 189.707967087 32.352208374 44.675430090 27.953753245 105.446694752 168.200280789 265.990582985 346.351664377 208.623095912
1967.161643836 197.405003928 32.026767823 44.244393965 27.557661922 100.794839088 160.247500320 252.762656872 329.642760393 203.280269076
1967.246575342 205.719880829 31.704762547 43.877402294 27.227683296 96.983993566 153.801443501 242.205826889 316.250958715 198.013273854
1967.328767123 213.397829784 31.423671369 43.610095927 26.994860416 94.363550585 149.443208352 235.247826432 307.361518091 193.596588914
1967.413698630 220.771668056 31.133210485 43.333879347 26.754276775 91.655759504 144.939698698 228.057892626 298.175762780 189.740226951
1967.495890411 227.163890679 30.852119307 43.066572980 26.521453895 89.035316523 140.581463549 221.099892169 289.286322156 186.711280606
1967.580821918 232.628725359 30.522940554 42.817822786 26.326467735 86.992957848 137.154009767 215.973579511 282.693596799 184.360255622
1967.665753425 236.889326383 30.191793095 42.570469187 26.133800091 84.984434719 133.781270691 210.952196742 276.232720422 182.643941797
1967.747945205 239.693891392 29.871327812 42.331094737 25.947347532 83.040702659 130.517329649 206.092794062 269.980259412 181.539273975
1967.832876712 241.065959813 29.463667226 42.047949900 25.741985072 80.998420527 127.029916768 201.111670456 263.565963642 180.918450402
1967.915068493 240.768097627 28.951919125 41.719097353 25.523795473 78.970290960 123.479291214 196.352915683 257.429954147 180.765686161
1968.000000000 238.560000067 28.423112755 41.379283054 25.298332887 76.874557074 119.810311474 191.435535752 251.089411003 181.019315072
1968.084931507 233.867601745 27.894169000 41.063531985 25.128855199 75.531264264 117.248344915 188.511192984 247.331123882 181.673300067
1968.161643836 228.074034107 27.416413349 40.778337472 24.975778578 74.317967532 114.934310603 185.869851130 243.936541967 182.477592143
1968.246575342 220.319379424 26.995935219 40.531023667 24.855995030 73.427094344 113.154297311 183.997708230 241.513097383 183.527258438
1968.328767123 211.672136145 26.675464093 40.346229760 24.779679907 72.925521129 112.054892364 183.024522394 240.231649808 184.653191162
1968.413698630 201.829843112 26.344310596 40.155276056 24.700820946 72.407228806 110.918840585 182.018897030 238.907487314 185.870474762
1968.495890411 191.700994022 26.023839470 39.970482148 24.624505823 71.905655590 109.819435638 181.045711195 237.626039739 187.036182315
1968.580821918 178.377516038 25.731931889 39.802663904 24.575240389 71.626750143 109.084822178 180.605686953 236.926728900 188.150243977
1968.665753425 176.209133240 25.442019863 39.636022039 24.527479711 71.360016909 108.370620835 180.194422090 236.259190179 189.122288488
1968.747945205 174.110698275 25.161459838 39.474755719 24.481259700 71.101887973 107.679458245 179.796423836 235.613184965 189.893961105
1968.832876712 171.427980077 24.845505166 39.290923261 24.439680509 70.867282338 106.997217955 179.492579088 234.945800602 190.484723065
1968.915068493 168.043706613 24.499838527 39.086680459 24.408914214 70.689472397 106.385957999 179.363131121 234.300181282 190.832700867
1969.000000000 164.546624034 24.142649666 38.875629563 24.377122376 70.505735459 105.754322710 179.229368221 233.633041319 190.941896262
1969.084931507 161.144369955 23.871387390 38.700205440 24.375841160 70.394128751 105.394674831 179.246423095 232.744580573 190.721164673
1969.161643836 158.071366271 23.626376302 38.541757846 24.374683933 70.293322693 105.069831586 179.261827498 231.942099899 190.290378631
1969.246575342 155.378856284 23.431463957 38.403594153 24.378734490 70.193552609 104.825304376 179.259531911 231.031061776 189.579229743
1969.328767123 153.338841911 23.303687249 38.299582574 24.386903616 70.106434276 104.680412162 179.241888755 230.131418624 188.660306136
1969.413698630 151.230827058 23.171651317 38.192103942 24.395345046 70.016411999 104.530690209 179.223657494 229.201787367 187.489850740
1969.495890411 149.190812685 23.043874610 38.088092362 24.403514171 69.929293667 104.385797995 179.206014338 228.302144216 186.153036391
1969.580821918 147.306993080 22.945620656 37.972885383 24.408731442 69.775407347 104.248166054 179.075377868 226.938616350 184.577016351
1969.665753425 145.434573234 22.849084429 37.857285436 24.413784773 69.618273703 104.111148860 178.939025880 225.553025944 182.858096966
1969.747945205 143.622554028 22.755662275 37.745414520 24.418675092 69.466208886 103.978551574 178.807072343 224.212132004 181.085314245
1969.832876712 141.519113639 22.648540022 37.591851713 24.414777895 69.221719305 103.783090185 178.545213518 222.296914711 179.161480144
1969.915068493 139.129543077 22.528652800 37.385073647 24.397291894 68.851264647 103.504382412 178.099492887 219.631953551 177.227397330
1970.000000000 136.660320162 22.404769337 37.171402978 24.379223026 68.468461500 103.216384379 177.638914901 216.878160352 175.170968418
1970.084931507 134.497857254 22.267892137 36.893310596 24.316046101 67.901598937 102.758823493 176.866476550 213.514411423 173.054133141
1970.161643836 132.544664949 22.144261117 36.642130380 24.258983072 67.389594042 102.345542692 176.168790296 210.476186583 171.104064392
1970.246575342 130.872476766 22.016231152 36.388874858 24.186303334 66.849799280 101.881088406 175.398495721 207.547292988 168.901022942
1970.328767123 129.644961418 21.899382113 36.163582951 24.108394705 66.348989315 101.426122727 174.654757871 205.059443857 166.717334801
1970.413698630 128.376528892 21.778638107 35.930781313 24.027889121 65.831485684 100.955991525 173.886228760 202.488666422 164.397677479
1970.495890411 127.149013543 21.661789068 35.705489406 23.949980492 65.330675719 100.501025845 173.142490910 200.000817291 162.074718026
1970.580821918 126.010543561 21.496494139 35.428067390 23.827711683 64.669716138 99.836273499 172.099862796 197.205960295 159.560378555
1970.665753425 124.878681843 21.328933908 35.148376542 23.703319320 64.001462188 99.161625162 171.043297445 194.399709424 156.927488309
1970.747945205 123.783331793 21.166778846 34.877707979 23.582939614 63.354764816 98.508739675 170.020814847 191.683982774 154.252287552
1970.832876712 122.484679576 20.935813001 34.521757213 23.409936544 62.473071390 97.577064768 168.590925440 188.259782115 151.345467357
1970.915068493 120.972353278 20.615143904 34.060438857 23.168030069 61.292775331 96.281612854 166.635132703 183.999180995 148.387027452
1971.000000000 119.409616103 20.283785837 33.583743222 22.918060046 60.073136070 94.942979210 164.614146874 179.596559838 145.168706507
1971.084931507 117.892898959 19.871947186 33.066400618 22.611956724 58.660518821 93.286421240 162.194229059 175.172367046 141.755335996
1971.161643836 116.522960894 19.499963889 32.599123428 22.335476305 57.384606468 91.790175331 160.008496839 171.176321943 138.537009626
1971.246575342 115.257128794 19.141109505 32.167872826 22.070754001 56.182027493 90.345397203 157.936473709 167.622214899 134.850189947
1971.328767123 114.232076324 18.836057619 31.819145755 21.847550304 55.185634318 89.116005721 156.208549557 164.876183440 131.169270908
1971.413698630 113.172855439 18.520837337 31.458794449 21.616906484 54.156028037 87.845634522 154.423027934 162.038617600 127.269293821
1971.495890411 112.147802969 18.215785451 31.110067378 21.393702788 53.159634863 86.616243040 152.695103782 159.292586142 123.431695148
1971.580821918 110.964087954 17.878103898 30.746183222 21.149514711 52.092495739 85.244379752 150.856593496 156.676052732 119.436750620
1971.665753425 109.774042730 17.539280247 30.382119430 20.904637943 51.023448165 83.867355849 149.015388871 154.070758260 115.467782766
1971.747945205 108.622386061 17.211386392 30.029799631 20.667660426 49.988885998 82.534752072 147.233577943 151.549505544 111.686961481
1971.832876712 107.095107929 16.804719141 29.599795078 20.374385171 48.720836566 80.871938561 145.078817380 148.627781240 107.882709897
1971.915068493 105.100368992 16.307216285 29.082623376 20.016411436 47.188769752 78.824860764 142.513116607 145.315453943 104.338671501
1972.000000000 103.039138758 15.793130000 28.548212618 19.646505243 45.605634045 76.709547041 139.861892475 141.892715736 100.858354460
1972.084931507 100.650618428 15.300624184 28.042371957 19.290851526 44.118591588 74.649563881 137.504543053 139.052654949 97.669133536
1972.161643836 98.493245227 14.855780220 27.585483619 18.969615910 42.775456466 72.788933930 135.375324221 136.487438754 95.034416520
1972.246575342 96.441071016 14.466650963 27.188303263 18.687503699 41.612990823 71.153622203 133.593420499 134.380392567 92.399580562
1972.328767123 94.723151701 14.172461652 26.890533523 18.473101811 40.746700089 69.909510288 132.327607020 132.925501821 90.164780668
1972.413698630 92.947968409 13.868466031 26.582838125 18.251553194 39.851532998 68.623927976 131.019599758 131.422114717 88.203682944
1972.495890411 91.230049094 13.574276721 26.285068385 18.037151307 38.985242264 67.379816061 129.753786278 129.967223971 86.675239961
1972.580821918 89.334514082 13.299222247 26.013531095 17.833788438 38.203945534 66.212663879 128.737854501 128.808735285 85.533272702
1972.665753425 87.432859490 13.025639357 25.743832352 17.631350267 37.428438822 65.051533567 127.736774019 127.667783807 84.772573556
1972.747945205 85.592548594 12.760881721 25.482833568 17.435442360 36.677948456 63.927859072 126.767986456 126.563637216 84.385654278
1972.832876712 83.299613379 12.451422965 25.183647747 17.204210622 35.823593981 62.619320979 125.744090498 125.372194793 84.327938315
1972.915068493 80.481100925 12.096975667 24.848931268 16.936318796 34.875984208 61.127127032 124.718264243 124.141820838 84.579154054
1973.000000000 77.568638057 11.730713459 24.503057573 16.659497242 33.896787443 59.585193286 123.658243780 122.870434419 85.129885774
1973.084931507 74.724986977 11.403786249 24.210987808 16.405208023 33.095376534 58.236713948 122.993532798 121.916985541 85.977166786
1973.161643836 72.156527936 11.108497157 23.947182860 16.175527439 32.371521519 57.018732611 122.393148686 121.055805910 86.899308791
1973.246575342 69.892084673 10.853165677 23.720824054 15.973388232 31.772534813 55.974153919 121.960594228 120.345528185 88.034370337
1973.328767123 68.162295714 10.663129912 23.554136409 15.819331325 31.354195051 55.205469174 121.727013520 119.851961288 89.202218421
1973.413698630 66.374847123 10.466759621 23.381892509 15.660139187 30.921910630 54.411161604 121.485646789 119.341942161 90.422854707
1973.495890411 64.645058164 10.276723856 23.215204864 15.506082280 30.503570869 53.642476858 121.252066081 118.848375264 91.555227479
1973.580821918 63.006533983 10.096414992 23.049515788 15.352075713 30.149587729 52.920861890 121.135466463 118.381225031 92.580294163
1973.665753425 61.375582230 9.916922810 22.884160009 15.198332819 29.799586010 52.202943155 121.025210935 117.916254571 93.410840059
1973.747945205 59.797241824 9.743220699 22.724138286 15.049549373 29.460874670 51.508183090 120.918512038 117.466283159 93.984259452
1973.832876712 57.952449560 9.536874119 22.522544148 14.866973190 29.077858545 50.679458962 120.814671420 116.897257503 94.299292235
1973.915068493 55.839507873 9.296036010 22.271926530 14.646106522 28.656611189 49.707685411 120.724009797 116.187148097 94.305720529
1974.000000000 53.656134798 9.047169964 22.012954991 14.417877632 28.221322255 48.703519409 120.630326119 115.453368379 93.971754482
1974.084931507 51.746721985 8.814998420 21.726840448 14.187621890 27.843031858 47.739356317 120.479346980 114.602725874 93.195594563
1974.161643836 50.022091058 8.605295089 21.468414410 13.979648961 27.501350209 46.868499331 120.342978725 113.834403612 92.176252352
1974.246575342 48.557157502 8.421487987 21.225380250 13.790579706 27.203713438 46.092236612 120.156672594 113.078806639 90.731129892
1974.328767123 47.493713811 8.282154862 21.024519414 13.640433606 26.979955883 45.490764450 119.948222001 112.423331624 89.020884353
1974.413698630 46.394821996 8.138177300 20.816963216 13.485282636 26.748739744 44.869243216 119.732823054 111.746007443 86.955521872
1974.495890411 45.331378305 7.998844176 20.616102380 13.335136537 26.524982189 44.267771054 119.524372461 111.090532429 84.693711469
1974.580821918 44.384289008 7.865604432 20.398195038 13.179197614 26.300180126 43.669709900 119.134000922 110.296955157 82.112953202
1974.665753425 43.444918483 7.732910680 20.179761367 13.023218627 26.075704203 43.072841631 118.734732472 109.497466711 79.379778982
1974.747945205 42.535850233 7.604497371 19.968373943 12.872271220 25.858469438 42.495227177 118.348343649 108.723768215 76.637260524
1974.832876712 41.494048834 7.453625226 19.708577222 12.687155432 25.590325449 41.804852095 117.750307398 107.712131450 73.751421338
1974.915068493 40.328903398 7.279765935 19.393782176 12.463366025 25.263920522 40.993470606 116.866999072 106.408062154 70.953310178
1975.000000000 39.124919780 7.100111336 19.068493962 12.232116971 24.926635430 40.155043067 115.954247136 105.060523883 68.101452439
1975.084931507 38.088257808 6.942700503 18.765315827 12.008253617 24.582440982 39.398945941 114.718949700 103.627175139 65.365806280
1975.161643836 37.151917962 6.800522976 18.491477512 11.806054458 24.271555674 38.716019505 113.603197178 102.332537564 63.018146706
1975.246575342 36.350918953 6.680948534 18.257009664 11.627558143 23.988734002 38.135755527 112.503976747 101.169163586 60.570616953
1975.328767123 35.763573505 6.595385572 18.084864918 11.490975670 23.763947500 37.714342421 111.548663506 100.258477954 58.379993857
1975.413698630 35.156649876 6.506970511 17.906982013 11.349840447 23.531668116 37.278882212 110.561506490 99.317436135 56.320272419
1975.495890411 34.569304429 6.421407548 17.734837266 11.213257974 23.306881614 36.857469106 109.606193249 98.406750504 54.545215787
1975.580821918 34.018017160 6.350177453 17.586385845 11.082574643 23.075305370 36.498645917 108.525862310 97.552029419 52.976780892
1975.665753425 33.469558859 6.279821170 17.439430940 10.952422765 22.843764879 36.143719527 107.440793715 96.701697523 51.638828654
1975.747945205 32.938792761 6.211734444 17.297216516 10.826469334 22.619693436 35.800242374 106.390727332 95.878795689 50.560444138
1975.832876712 32.307631298 6.138658746 17.139286779 10.678430060 22.347357326 35.425188611 105.085844265 94.948892686 49.661215976
1975.915068493 31.570107298 6.063773481 16.969635272 10.507758139 22.021296837 35.031393027 103.486241703 93.927063080 48.988649472
1976.000000000 30.807999165 5.986392040 16.794328716 10.331397155 21.684367665 34.624470924 101.833319056 92.871172488 48.494118135
1976.084931507 30.087365790 5.937835733 16.657879433 10.175191137 21.366787186 34.340923952 100.266798517 92.096149483 48.219303715
1976.161643836 29.436471128 5.893978423 16.534634919 10.034101830 21.079940303 34.084817010 98.851876740 91.396128705 48.117914360
1976.246575342 28.862745897 5.864535177 16.431868576 9.913386036 20.829725603 33.892535888 97.626155593 90.855063746 48.139012213
1976.328767123 28.424608426 5.851274134 16.359261365 9.824848727 20.641270442 33.779192975 96.711578666 90.517908623 48.286036863
1976.413698630 27.971866373 5.837571056 16.284233914 9.733360174 20.446533442 33.662071965 95.766515841 90.169514996 48.556979755
1976.495890411 27.533728901 5.824310013 16.211626703 9.644822866 20.258078281 33.548729053 94.851938914 89.832359873 48.915926021
1976.580821918 27.111489849 5.827685611 16.141303776 9.564157288 20.080966467 33.485756925 94.023978777 89.611249820 49.384981052
1976.665753425 26.690801796 5.831929616 16.071220063 9.484042032 19.904750850 33.425538130 93.201973013 89.396611812 49.911850073
1976.747945205 26.283684325 5.836036718 16.003397114 9.406511139 19.734219607 33.367261877 92.406483565 89.188897611 50.466457807
1976.832876712 25.804984923 5.850550227 15.917213608 9.316584149 19.531567505 33.316521817 91.486689761 88.972538300 51.068868454
1976.915068493 25.252839078 5.880331086 15.809141180 9.214523922 19.294945050 33.281942401 90.446730211 88.760520840 51.663571083
1977.000000000 24.682288372 5.911104640 15.697466337 9.109061687 19.050435179 33.246210338 89.372105343 88.541436132 52.280560305
1977.084931507 24.183832463 5.963764864 15.568638767 9.016164007 18.812415581 33.229918532 88.413984373 88.327917911 52.869004202
1977.161643836 23.733614223 6.011328937 15.452278381 8.932256426 18.597430137 33.215203352 87.548584788 88.135062743 53.367736127
1977.246575342 23.353322392 6.060996301 15.340845374 8.860614297 18.396831476 33.196856174 86.779484421 87.936656947 53.871169515
1977.328767123 23.079470550 6.106676291 15.246869819 8.808223113 18.232526876 33.177462785 86.185836350 87.756695396 54.296337973
1977.413698630 22.796490313 6.153878946 15.149761746 8.754085556 18.062745457 33.157422949 85.572400010 87.570735127 54.659783089
1977.495890411 22.522638472 6.199558936 15.055786192 8.701694372 17.898440858 33.138029560 84.978751939 87.390773576 54.921734877
1977.580821918 22.284830132 6.256035165 14.950701452 8.654584250 17.703150373 33.088508495 84.345675617 87.128131498 55.073417317
1977.665753425 22.049318668 6.312982932 14.845211119 8.607831456 17.506562817 33.037488384 83.711600652 86.861590346 55.112426173
1977.747945205 21.821404349 6.368093674 14.743123700 8.562586817 17.316316796 32.988114083 83.097979718 86.603647295 55.036817246
1977.832876712 21.563152381 6.440012369 14.615869382 8.510756731 17.060185648 32.902632130 82.308094398 86.235467678 54.839419686
1977.915068493 21.278386801 6.532550430 14.459372000 8.452818864 16.721080648 32.767103223 81.304947576 85.723428466 54.532781680
1978.000000000 20.984129036 6.628173094 14.297658038 8.392949734 16.370672147 32.627056687 80.268362527 85.194321280 54.091519882
1978.084931507 20.733978666 6.729857561 14.141807873 8.342062187 15.957144194 32.412682546 79.122949351 84.539560936 53.508105952
1978.161643836 20.508036397 6.821701596 14.001039982 8.296099242 15.583635076 32.219054290 78.088382612 83.948164496 52.881536397
1978.246575342 20.313707213 6.905380177 13.877820507 8.256745736 15.227838454 32.020696912 77.121054457 83.382240820 52.097355518
1978.328767123 20.170134185 6.972009408 13.784581339 8.227853913 14.929528932 31.841502942 76.326857777 82.905372369 51.252611821
1978.413698630 20.021775389 7.040859612 13.688234198 8.197999029 14.621275760 31.656335840 75.506187874 82.412608303 50.300030770
1978.495890411 19.878202361 7.107488843 13.594995029 8.169107206 14.322966239 31.477141870 74.711991194 81.935739852 49.317492451
1978.580821918 19.737644644 7.174519532 13.508080091 8.141098819 13.997553936 31.262991992 73.868546411 81.413972775 48.246554599
1978.665753425 19.597483592 7.241457703 13.421644757 8.113184321 13.671269135 31.047368413 73.023943584 80.890730969 47.152542785
1978.747945205 19.461843863 7.306236578 13.337997659 8.086170291 13.355509650 30.838700434 72.206586008 80.384367932 46.082994166
1978.832876712 19.295850295 7.383548230 13.240460906 8.052889400 12.967156650 30.574099740 71.208635520 79.761035609 44.982521227
1978.915068493 19.095629276 7.474260809 13.129060264 8.012459384 12.496226670 30.242988973 70.007908792 79.004446279 43.936916307
1979.000000000 18.888734223 7.567997141 13.013946266 7.970681701 12.009599024 29.900841181 68.767157840 78.222637305 42.885652476
1979.084931507 18.680027652 7.650487950 12.911870791 7.926768686 11.554594004 29.568071981 67.613382735 77.475119960 41.896108934
1979.161643836 18.491518491 7.724995778 12.819673588 7.887105317 11.143621728 29.267506252 66.571263285 76.799943003 41.052574168
1979.246575342 18.321713283 7.787468679 12.740168873 7.850366481 10.790125445 29.006174626 65.670990105 76.207865401 40.180223495
1979.328767123 18.188388646 7.831972773 12.681216908 7.820530330 10.528931071 28.810206223 65.001789889 75.758766946 39.403836411
1979.413698630 18.050619855 7.877960336 12.620299877 7.789699641 10.259030219 28.607705540 64.310283000 75.294698543 38.674109011
1979.495890411 17.917295218 7.922464430 12.561347912 7.759863490 9.997835845 28.411737138 63.641082784 74.845600089 38.047131356
1979.580821918 17.784703624 7.957006308 12.505590457 7.727682587 9.767478871 28.236864985 63.030556015 74.408871716 37.484728955
1979.665753425 17.652375278 7.990966201 12.450095354 7.695433029 9.539132603 28.063397673 62.424146880 73.973533514 36.998549002
1979.747945205 17.524315588 8.023830614 12.396390415 7.664223780 9.318152343 27.895526080 61.837299329 73.552238480 36.592795316
1979.832876712 17.371996624 8.057483177 12.332278664 7.624845135 9.070131103 27.703337285 61.155620475 73.040715267 36.235570963
1979.915068493 17.193960391 8.089579264 12.257032104 7.575813166 8.799963416 27.488661984 60.380598629 72.428957705 35.944824509
1980.000000000 17.009989618 8.122745220 12.179277326 7.525146799 8.520790139 27.266830839 59.579742721 71.796808223 35.691098099
1980.084931507 16.845236247 8.133816711 12.104353521 7.471349516 8.300735402 27.071233889 58.853003631 71.142233671 35.487163939
1980.161643836 16.696426751 8.143816767 12.036680407 7.422758421 8.101976285 26.894565676 58.196594130 70.551005044 35.324022649
1980.246575342 16.568122307 8.146147815 11.975529214 7.376505319 7.940588017 26.733417997 57.614737878 69.992905114 35.159981832
1980.328767123 16.473005196 8.141437850 11.927326917 7.337756694 7.831160882 26.604923456 57.167117581 69.529695203 35.009635751
1980.413698630 16.374717515 8.136570886 11.877517876 7.297716449 7.718086175 26.472145764 56.704576607 69.051044963 34.852191752
1980.495890411 16.279600404 8.131860921 11.829315578 7.258967824 7.608659040 26.343651224 56.256956310 68.587835052 34.691922375
1980.580821918 16.190286861 8.112878316 11.778161032 7.212730817 7.520640563 26.189175814 55.787708663 68.039189172 34.500466618
1980.665753425 16.101429629 8.093177966 11.726938071 7.166178721 7.433896133 26.033597131 55.318119999 67.486984192 34.281377058
1980.747945205 16.015438760 8.074113111 11.677367463 7.121128305 7.349949909 25.883037115 54.863679357 66.952592276 34.036133801
1980.832876712 15.914332219 8.044916745 11.614946592 7.060748103 7.257952639 25.675077749 54.288967728 66.245632806 33.744835423
1980.915068493 15.797718079 8.002111851 11.537381211 6.981127422 7.160874319 25.393566027 53.571719675 65.324354666 33.424661347
1981.000000000 15.677216801 7.957880126 11.457230318 6.898852719 7.060560054 25.102670580 52.830563352 64.372367254 33.050547916
1981.084931507 15.570492442 7.895853804 11.373240813 6.802606039 6.980448544 24.739634131 52.038746119 63.292456535 32.625612658
1981.161643836 15.474096247 7.839830029 11.297379325 6.715673555 6.908089760 24.411730241 51.323556361 62.317053306 32.207354258
1981.246575342 15.395200872 7.785226370 11.227724798 6.632742619 6.848122460 24.093035723 50.662167937 61.402808000 31.713037158
1981.328767123 15.341029206 7.738299715 11.171741653 6.563099043 6.806143798 23.819960594 50.126061683 60.650083841 31.206833548
1981.413698630 15.285051818 7.689808838 11.113892404 6.491134014 6.762765847 23.537782961 49.572085220 59.872268876 30.660757042
1981.495890411 15.230880152 7.642882182 11.057909259 6.421490438 6.720787186 23.264707831 49.035978966 59.119544717 30.116608185
1981.580821918 15.195331287 7.630714881 10.999144160 6.344358025 6.684303628 22.958107860 48.473008830 58.319521159 29.548144553
1981.665753425 15.160821160 7.620394542 10.940332493 6.266962864 6.648170632 22.650266075 47.909581388 57.518368350 28.984001738
1981.747945205 15.127424263 7.610407116 10.883417976 6.192064321 6.613203217 22.352354670 47.364329025 56.743059180 28.450222098
1981.832876712 15.100128685 7.600086777 10.813026135 6.098431068 6.574107212 21.982834507 46.696241156 55.793389977 27.918434384
1981.915068493 15.084768159 7.590099352 10.727161182 5.982937293 6.531732271 21.530727159 45.889337724 54.646789822 27.429108530
1982.000000000 15.068895617 7.579779012 10.638434065 5.863593727 6.487944833 21.063549566 45.055537511 53.461969662 26.956939730
1982.084931507 15.086985275 7.569458673 10.549612772 5.745767155 6.454515035 20.625319598 44.262008592 52.346665179 26.533604333
1982.161643836 15.103324321 7.560137076 10.469387089 5.639343155 6.424320380 20.229498981 43.545272794 51.339293387 26.190914448
1982.246575342 15.123815135 7.549816736 10.396318045 5.544675334 6.401258173 19.890640241 42.913217169 50.456358670 25.854125303
1982.328767123 15.145558591 7.539829311 10.338160041 5.471518004 6.387202506 19.641907715 42.430238830 49.787096044 25.573569858
1982.413698630 15.168026828 7.529508971 10.278063437 5.395922097 6.372678316 19.384884104 41.931161213 49.095524664 25.331407993
1982.495890411 15.189770283 7.519521546 10.219905433 5.322764767 6.358622649 19.136151578 41.448182873 48.426262038 25.144541313
1982.580821918 15.207801724 7.509201207 10.158096496 5.251343421 6.351847336 18.924653858 40.981901074 47.789971248 25.004135448
1982.665753425 15.225607566 7.498880867 10.096200492 5.180134341 6.345466034 18.715471015 40.517286859 47.156491335 24.906719015
1982.747945205 15.242839025 7.488893442 10.036301133 5.111222328 6.339290580 18.513036005 40.067660199 46.543446257 24.850157060
1982.832876712 15.252478069 7.478573102 9.961264376 5.029134980 6.336287730 18.293260765 39.528815722 45.811656004 24.827470738
1982.915068493 15.249292535 7.468585677 9.868513135 4.933027296 6.338558406 18.064344765 38.893613409 44.952835076 24.836957630
1983.000000000 15.246000816 7.458265338 9.772670185 4.833716023 6.340904771 17.827798231 38.237237686 44.065386784 24.876353125
1983.084931507 15.193807593 7.447944998 9.674581836 4.742589389 6.353285463 17.669835190 37.621746134 43.230991023 24.947436719
1983.161643836 15.146665328 7.438623401 9.585985908 4.660281462 6.364468023 17.527158895 37.065818281 42.477343239 25.030980310
1983.246575342 15.085410772 7.428303062 9.506432793 4.589151082 6.376922512 17.424610826 36.576379499 41.808318098 25.141119380
1983.328767123 15.018910613 7.418315636 9.444217820 4.536251524 6.389034056 17.369534495 36.203188576 41.292668833 25.264025398
1983.413698630 14.950193782 7.407995297 9.379929015 4.481588647 6.401549319 17.312622285 35.817557956 40.759831260 25.405831032
1983.495890411 14.883693623 7.398007872 9.317714042 4.428689089 6.413660863 17.257545954 35.444367033 40.244181996 25.555467242
1983.580821918 14.785742549 7.387687532 9.257421121 4.380430817 6.427002977 17.241933040 35.089710388 39.736564454 25.721507279
1983.665753425 14.686304988 7.377367193 9.197331381 4.332498204 6.440387134 17.228420090 34.736628690 39.230229286 25.895042276
1983.747945205 14.590075090 7.367379767 9.139180020 4.286111804 6.453339544 17.215343042 34.394936724 38.740227510 26.067422037
1983.832876712 14.459363032 7.357059428 9.071634336 4.233104987 6.467874467 17.221512297 33.994175137 38.151356857 26.248037313
1983.915068493 14.284946891 7.347072003 8.994843114 4.174033075 6.483703792 17.257640758 33.533283448 37.455016367 26.422910314
1984.000000000 14.104716879 7.336751663 8.915492186 4.112992100 6.500060760 17.294973502 33.057028703 36.735464527 26.599408153
1984.084931507 13.910363971 7.326431324 8.850486118 4.063270915 6.507114335 17.382754100 32.650414240 36.072647900 26.768048541
1984.161643836 13.734819409 7.317109727 8.791770960 4.018361459 6.513485305 17.462039801 32.283149564 35.473974818 26.907943255
1984.246575342 13.576128074 7.306789387 8.743908987 3.981671668 6.514714962 17.550489605 31.976102156 34.955825085 27.048576378
1984.328767123 13.450976802 7.296801962 8.711254176 3.956550969 6.511263500 17.636619522 31.758310855 34.569684159 27.165628046
1984.413698630 13.321653821 7.286481622 8.677510872 3.930592913 6.507696989 17.725620436 31.533259844 34.170671869 27.261369026
1984.495890411 13.196502549 7.276494197 8.644856060 3.905472214 6.504245527 17.811750353 31.315468544 33.784530943 27.327271073
1984.580821918 13.075556144 7.266173858 8.619461189 3.885781682 6.490862833 17.926863308 31.139480183 33.433731942 27.354417398
1984.665753425 12.955035668 7.255853518 8.594490813 3.866409836 6.476981010 18.043303994 30.965986534 33.085384464 27.345277265
1984.747945205 12.838402949 7.245866093 8.570325934 3.847662889 6.463546988 18.155988528 30.798089453 32.748274001 27.297728725
1984.832876712 12.703049972 7.235545753 8.544528623 3.827831384 6.441023583 18.307058153 30.616062507 32.359865241 27.207677774
1984.915068493 12.549336001 7.225558328 8.518296404 3.807935285 6.405985606 18.506315034 30.426832183 31.922601573 27.081252278
1985.000000000 12.390498231 7.215237989 8.491189778 3.787375984 6.369779697 18.712213811 30.231294183 31.470762450 26.907177580
1985.084931507 12.260614252 7.204917649 8.471544703 3.773874822 6.318530332 18.938456801 30.096207450 31.082187972 26.684290800
1985.161643836 12.143299690 7.195596052 8.453800763 3.761680224 6.272240584 19.142805308 29.974193627 30.731217476 26.449186326
1985.246575342 12.049362699 7.185275713 8.439884197 3.752789398 6.225836071 19.327503277 29.877269033 30.426245016 26.158501444
1985.328767123 11.987104387 7.175288287 8.430981968 3.747859646 6.184789650 19.473133363 29.813884888 30.197738170 25.849350158
1985.413698630 11.922770797 7.164967948 8.421782998 3.742765569 6.142375014 19.623617786 29.748387938 29.961614429 25.505395952
1985.495890411 11.860512485 7.154980523 8.412880769 3.737835816 6.101328593 19.769247872 29.685003793 29.733107583 25.154622280
1985.580821918 11.818853293 7.144660183 8.406702979 3.735749641 6.052844179 19.907049571 29.635352349 29.504316919 24.779691779
1985.665753425 11.778347037 7.134339844 8.400678808 3.733816409 6.004051132 20.044206386 29.586506608 29.275899123 24.402346287
1985.747945205 11.739147434 7.124352418 8.394848965 3.731945540 5.956832055 20.176938788 29.539236537 29.054849644 24.040430704
1985.832876712 11.703477473 7.114032079 8.389404175 3.731073898 5.896156895 20.325744120 29.481113055 28.776732074 23.675624206
1985.915068493 11.676368611 7.104044654 8.385022785 3.731857005 5.819232536 20.487597814 29.410648629 28.431433159 23.336429016
1986.000000000 11.648356121 7.093724314 8.380495349 3.732666214 5.739744032 20.654846631 29.337835390 28.074624281 23.004526753
1986.084931507 11.647051617 7.083403975 8.380238459 3.736124700 5.656972763 20.772226988 29.257839492 27.695797547 22.703397962
1986.161643836 11.645873356 7.074082378 8.380006429 3.739248493 5.582211616 20.878247956 29.185585133 27.353631465 22.454538341
1986.246575342 11.649988543 7.063762038 8.380975419 3.742592149 5.514174736 20.955607467 29.112050525 27.037091008 22.206085302
1986.328767123 11.658290280 7.053774613 8.382890134 3.745736430 5.460075372 20.998576338 29.046037416 26.780401449 21.993523356
1986.413698630 11.666868742 7.043454273 8.384868673 3.748985520 5.404172696 21.042977505 28.977823870 26.515155572 21.801581604
1986.495890411 11.675170479 7.033466848 8.386783387 3.752129801 5.350073333 21.085946376 28.911810761 26.258466014 21.646215430
1986.580821918 11.683808946 7.023146509 8.389764432 3.755496032 5.294702989 21.102671598 28.831844456 25.995292808 21.512486691
1986.665753425 11.692450465 7.012826169 8.392796452 3.758868220 5.239359714 21.117989567 28.751280553 25.732224992 21.403820128
1986.747945205 11.700813224 7.002838744 8.395730665 3.762131628 5.185801706 21.132813409 28.673315486 25.477643234 21.315979267
1986.832876712 11.705909101 6.992518404 8.398691312 3.765836600 5.120698405 21.137623751 28.568556626 25.170424969 21.240818655
1986.915068493 11.705407757 6.982530979 8.401447093 3.769931968 5.042740334 21.126178522 28.430104167 24.805467089 21.181292385
1987.000000000 11.704889701 6.972210640 8.404294733 3.774163849 4.962183661 21.114351786 28.287036625 24.428343947 21.125845352
1987.084931507 11.679341875 6.961890300 8.401530970 3.776766850 4.885936287 21.081069571 28.132453804 24.090381605 21.078748475
1987.161643836 11.656266420 6.952568703 8.399034668 3.779117949 4.817067691 21.051008215 27.992830610 23.785125297 21.033793067
1987.246575342 11.624798399 6.942248364 8.392955169 3.780592651 4.757186054 21.017276548 27.862892492 23.521568788 20.982109646
1987.328767123 11.589627295 6.932260938 8.384429261 3.781120569 4.712278984 20.984274802 27.756786865 23.325812868 20.927011949
1987.413698630 11.553283821 6.921940599 8.375619157 3.781666083 4.665875013 20.950172998 27.647144385 23.123531750 20.860572311
1987.495890411 11.518112716 6.911953174 8.367093249 3.782194001 4.620967943 20.917171252 27.541038758 22.927775830 20.787837462
1987.580821918 11.463189739 6.901632834 8.348789017 3.781681002 4.580585258 20.875695060 27.432025416 22.746750181 20.695914293
1987.665753425 11.407322040 6.891312495 8.330002032 3.781114181 4.540508741 20.833843899 27.323044063 22.566805319 20.591127016
1987.747945205 11.353256526 6.881325069 8.311821079 3.780565644 4.501725014 20.793342776 27.217578238 22.392665129 20.475191432
1987.832876712 11.277717739 6.871004730 8.282713143 3.779467265 4.458731621 20.738444559 27.086719234 22.184833464 20.340521791
1987.915068493 11.174474503 6.861017305 8.238729811 3.777589833 4.412655707 20.665325795 26.926559283 21.940976268 20.196717374
1988.000000000 11.067789825 6.850696965 8.193280368 3.775649820 4.365043928 20.589769740 26.761060666 21.688990498 20.032967720
1988.084931507 10.946966867 6.840376626 8.129892149 3.773321947 4.333249900 20.503586629 26.598917817 21.450400927 19.853433974
1988.161643836 10.837836452 6.831055029 8.072638274 3.771219352 4.304532714 20.425743820 26.452466212 21.234900669 19.680743434
1988.246575342 10.737987275 6.820734689 8.015614786 3.769441230 4.285246928 20.351771339 26.316820725 21.042913811 19.480330067
1988.328767123 10.658074386 6.810747264 7.965503225 3.768158599 4.276551883 20.289916498 26.206668341 20.894260761 19.278339914
1988.413698630 10.575497735 6.800426924 7.913721280 3.766833214 4.267567004 20.225999829 26.092844210 20.740652609 19.063027564
1988.495890411 10.495584846 6.790439499 7.863609719 3.765550583 4.258871959 20.164144988 25.982691826 20.591999559 18.850134810
1988.580821918 10.418280199 6.780119160 7.806039572 3.764855365 4.262898418 20.096538644 25.862763834 20.449881781 18.628089411
1988.665753425 10.341243621 6.769798820 7.748175110 3.764192191 4.267586472 20.028744688 25.742525475 20.308348260 18.406866761
1988.747945205 10.266692093 6.759811395 7.692177244 3.763550409 4.272123298 19.963137635 25.626165773 20.171380336 18.195459848
1988.832876712 10.181698178 6.749491055 7.622244393 3.763259679 4.285725000 19.880991159 25.473588289 20.008956544 17.981651412
1988.915068493 10.087253307 6.739503630 7.536075555 3.763549011 4.312545947 19.779502804 25.276380773 19.819762944 17.780825300
1989.000000000 9.989660273 6.729183291 7.447034422 3.763847986 4.340260926 19.674631504 25.072599673 19.624262890 17.222222211
1989.084931507 9.918260726 6.718862951 7.362572687 3.765572348 4.387823253 19.570418374 24.847432326 19.456660701 18.260700364
1989.161643836 9.853770812 6.709541354 7.286284668 3.767129836 4.430782775 19.476290385 24.644055367 19.305278079 19.062317579
1989.246575342 9.806427877 6.699221015 7.220731329 3.768974053 4.475700190 19.391592725 24.450062463 19.174960942 19.817023118
1989.328767123 9.779784387 6.689233589 7.172361923 3.770854300 4.517060754 19.325180374 24.287172301 19.078562426 20.416136769
1989.413698630 9.752252780 6.678913250 7.122380204 3.772797222 4.559800005 19.256554278 24.118852467 18.978950627 20.906007769
1989.495890411 9.725609289 6.668925825 7.074010798 3.774677469 4.601160570 19.190141927 23.955962305 18.882552111 21.259266513
1989.580821918 9.718338008 6.658605485 7.032369180 3.777225797 4.651514802 19.122935871 23.776980113 18.792614547 21.495040334
1989.665753425 9.712096913 6.648285146 6.991151635 3.779804908 4.702256237 19.055802020 23.597455767 18.703168894 21.629154009
1989.747945205 9.706057143 6.638297720 6.951263688 3.782300822 4.751360852 18.990833778 23.423722530 18.616608584 21.670112588
1989.832876712 9.710040166 6.627977381 6.907386400 3.785783648 4.814403009 18.910889912 23.204237994 18.512676343 21.629211691
1989.915068493 9.729560691 6.624398144 6.860849093 3.790538850 4.894259429 18.813896632 22.930604281 18.389899566 21.517350127
1990.000000000 9.749731901 6.650196688 6.812760544 3.795452558 4.976777730 18.713670242 22.647849443 18.263030230 21.333333335
1990.084931507 9.795369903 6.633894314 6.777666935 3.801732038 5.059228122 18.613188329 22.365915264 18.135107195 21.078540290
1990.161643836 9.836591324 6.619169589 6.745969482 3.807403827 5.133699444 18.522430472 22.111265037 18.019563809 20.806478460
1990.246575342 9.880772016 6.606193371 6.720951345 3.813361238 5.198988521 18.439017455 21.883327274 17.917231331 20.469378136
1990.328767123 9.922366102 6.596286567 6.704770032 3.818869796 5.248494550 18.371898477 21.705775541 17.838594650 20.112841227
1990.413698630 9.965346657 6.586049535 6.688049342 3.824561973 5.299650779 18.302542199 21.522305417 17.757336747 19.720766095
1990.495890411 10.006940742 6.576142730 6.671868029 3.830070532 5.349156807 18.235423220 21.344753684 17.678700066 19.326135412
1990.580821918 10.057262424 6.544060938 6.659309501 3.837723904 5.392958734 18.162355594 21.173413871 17.598320717 18.912907395
1990.665753425 10.107957384 6.510868395 6.646962608 3.845476998 5.436386714 18.089099256 21.002690853 17.517986040 18.692446833
1990.747945205 10.157017023 6.478746579 6.635014002 3.852979992 5.478413792 18.018206026 20.837475030 17.440242805 18.533586190
1990.832876712 10.219193012 6.434720890 6.621631265 3.863435731 5.524240465 17.925707493 20.642545492 17.350304198 18.367032643
1990.915068493 10.296955221 6.375516207 6.607093049 3.877695338 5.572264276 17.806708776 20.416813368 17.248551136 18.202178127
1991.000000000 10.377309504 6.314338035 6.592070226 3.892430265 5.621888880 17.683743435 20.183556839 17.143406306 18.031828462
1991.084931507 10.455178758 6.212164272 6.578065830 3.909661613 5.652571053 17.541185676 19.979161275 17.046798954 17.861805138
1991.161643836 10.525512278 6.119878293 6.565416698 3.925225412 5.680283984 17.412423830 19.794545926 16.959540701 17.708235685
1991.246575342 10.586424672 6.034259835 6.554158674 3.939388224 5.698104959 17.284541974 19.638304704 16.885317821 17.576160370
1991.328767123 10.631858145 5.964597243 6.545452574 3.950648660 5.705101151 17.172481506 19.525480795 16.831328845 17.478588744
1991.413698630 10.678806067 5.892612565 6.536456270 3.962284443 5.712330549 17.056685689 19.408896090 16.775540237 17.377764731
1991.495890411 10.724239539 5.822949973 6.527750169 3.973544879 5.719326742 16.944625220 19.296072182 16.721551261 17.280193106
1991.580821918 10.763817002 5.737293086 6.519001286 3.983660744 5.714100395 16.803621055 19.197215345 16.665216694 17.187238318
1991.665753425 10.803019694 5.650941002 6.510264985 3.993699325 5.708240705 16.661335110 19.099259925 16.608854368 17.094683660
1991.747945205 10.840957784 5.567374469 6.501810499 4.003414080 5.702570037 16.523639034 19.004464357 16.554310180 17.005114637
1991.832876712 10.882141796 5.468603133 6.491338376 4.013571580 5.689124891 16.336161312 18.898071019 16.485642888 16.901357375
1991.915068493 10.925033182 5.353988469 6.478544336 4.023583634 5.664490583 16.085485792 18.782180656 16.400336288 16.783781841
1992.000000000 10.969354281 5.235553316 6.465323829 4.033929423 5.639035132 15.826454421 18.662427282 16.312186134 16.662287123
1992.084931507 10.996839975 5.119726245 6.450968750 4.037923953 5.601044169 15.522331256 18.563620140 16.207939772 16.551596908
1992.161643836 11.021665764 5.015108244 6.438002872 4.041531915 5.566729751 15.247639366 18.474374979 16.113781767 16.451618650
1992.246575342 11.037360264 4.928448447 6.424891488 4.042760056 5.533281601 14.986109235 18.401250370 16.022274246 16.364019767
1992.328767123 11.043151332 4.867829394 6.413194233 4.041743867 5.504532881 14.766960672 18.350952670 15.943870976 16.297649612
1992.413698630 11.049135435 4.805189706 6.401107069 4.040693805 5.474825871 14.540507157 18.298978381 15.862854263 16.229067118
1992.495890411 11.054926503 4.744570652 6.389409814 4.039677616 5.446077151 14.321358594 18.248680682 15.784450994 16.162696963
1992.580821918 11.048564092 4.690452589 6.373521423 4.036288293 5.416170411 14.082472459 18.205324121 15.691747023 16.096450811
1992.665753425 11.041573891 4.636767829 6.357439749 4.032780025 5.386253514 13.842954156 18.162405750 15.598448784 16.030323457
1992.747945205 11.034809181 4.584814835 6.341876839 4.029384926 5.357301679 13.611162251 18.120871842 15.508160166 15.966329244
1992.832876712 11.019367775 4.528950747 6.320807386 4.025272333 5.323382813 13.325330825 18.075394264 15.390504161 15.887281638
1992.915068493 10.991475050 4.471549434 6.292775027 4.020366423 5.284426052 12.977756110 18.027462338 15.239321127 15.790986797
1993.000000000 10.962652568 4.412234745 6.263808257 4.015296982 5.244170733 12.618595573 17.977932682 15.083098659 15.691482128
1993.084931507 10.917927603 4.367570735 6.233693929 4.014802083 5.212464425 12.282418694 17.937883019 14.918629629 15.691482128
1993.161643836 10.877530860 4.327229049 6.206493892 4.014355077 5.183826470 11.978775061 17.901709131 14.770076956 15.691482128
1993.246575342 10.837140421 4.297222959 6.185327790 4.017234437 5.161314044 11.719003224 17.873154871 14.634421631 15.691482128
1993.328767123 10.801507361 4.279866641 6.171975880 4.022710076 5.146855017 11.528503186 17.854683139 14.526105768 15.691482128
1993.413698630 10.764686533 4.261931778 6.158178906 4.028368236 5.131914023 11.331653148 17.835595683 14.414179375 15.691482128
1993.495890411 10.729053473 4.244575460 6.144826996 4.033843875 5.117454996 11.141153111 17.817123951 14.305863512 15.691482128
1993.580821918 10.689585702 4.236431854 6.144925251 4.047567297 5.108458555 10.982071102 17.803468391 14.199134904 15.691482128
1993.665753425 10.649983341 4.228786108 6.145730044 4.061700817 5.099764378 10.824909502 17.790089029 14.092670590 15.691482128
1993.747945205 10.611658475 4.221387000 6.146508875 4.075378416 5.091350659 10.672817630 17.777141259 13.989640608 15.691482128
1993.832876712 10.565449344 4.218204179 6.161101238 4.097561269 5.084535627 10.512147598 17.765097719 13.868765625 15.691482128
1993.915068493 10.510607556 4.221962384 6.196348994 4.131362203 5.080819768 10.351284646 17.755489503 13.729708970 15.691482128
1994.000000000 10.453937709 4.225845863 6.232771675 4.166289834 5.076980047 10.185059595 17.745561014 13.586017094 15.691482128
1994.084931507 10.406505975 4.243741421 6.316508306 4.214353891 5.082962167 10.097839082 17.744273486 13.470117623 15.691482128
1994.161643836 10.363664409 4.259905150 6.392141393 4.257766587 5.088365373 10.019059264 17.743110557 13.365434230 15.691482128
1994.246575342 10.329807806 4.278156850 6.480212667 4.300280157 5.097745886 9.976406152 17.745021677 13.285477681 15.691482128
1994.328767123 10.307862241 4.296103618 6.568897486 4.336998785 5.109532199 9.970647560 17.749420354 13.236745589 15.691482128
1994.413698630 10.285185156 4.314648612 6.660538466 4.374941367 5.121711390 9.964697014 17.753965654 13.186389094 15.691482128
1994.495890411 10.263239591 4.332595380 6.749223286 4.411659995 5.133497703 9.958938421 17.758364332 13.137657002 15.691482128
1994.580821918 10.250880576 4.355519283 6.877538224 4.451895949 5.155188872 10.000635787 17.766398860 13.117278406 15.691482128
1994.665753425 10.239046209 4.378665843 7.007717940 4.492248516 5.177363702 10.044755929 17.774610807 13.098424109 15.691482128
1994.747945205 10.227593596 4.401065740 7.133698310 4.531299386 5.198823214 10.087452840 17.782557852 13.080178016 15.691482128
1994.832876712 10.219692740 4.429325672 7.311601228 4.578801819 5.231124389 10.163068765 17.792908301 13.081131565 15.691482128
1994.915068493 10.218073906 4.464509000 7.556889604 4.635727355 5.277899765 10.284505135 17.806201603 13.112405086 15.691482128
1995.000000000 10.216401111 4.500865105 7.810354259 4.694550408 5.326234320 10.409989384 17.819938014 13.144721057 15.691482128
1995.084931507 10.229337311 4.536342778 8.120969947 4.747097308 5.387913449 10.574966855 17.827672128 13.234047009 15.691482128
1995.161643836 10.241021620 4.568387127 8.401526052 4.794559023 5.443623630 10.723978765 17.834657779 13.314728514 15.691482128
1995.246575342 10.255670613 4.596106607 8.675060752 4.834671346 5.496044543 10.862566630 17.836132668 13.410847134 15.691482128
1995.328767123 10.271212091 4.616748910 8.910219540 4.863579815 5.539395992 10.975652356 17.832571603 13.509278666 15.691482128
1995.413698630 10.287271618 4.638079290 9.153216955 4.893451899 5.584192491 11.092507606 17.828891836 13.610991249 15.691482128
1995.495890411 10.302813097 4.658721593 9.388375743 4.922360367 5.627543941 11.205593332 17.825330771 13.709422781 15.691482128
1995.580821918 10.323499199 4.678137505 9.661615289 4.947025943 5.669953135 11.310184847 17.806203164 13.841632044 15.691482128
1995.665753425 10.344420551 4.697456071 9.936392571 4.971426782 5.712240940 11.414152783 17.786290073 13.975391986 15.691482128
1995.747945205 10.364667020 4.716151458 10.202306069 4.995040496 5.753164623 11.514766915 17.767019340 14.104837091 15.691482128
1995.832876712 10.391233785 4.738267158 10.542477346 5.021150885 5.798300541 11.622277937 17.732583854 14.280206539 15.691482128
1995.915068493 10.425593788 4.763955380 10.971875833 5.049038474 5.846344503 11.731749785 17.677007131 14.513675409 15.691482128
1996.000000000 10.461099124 4.790499875 11.415587602 5.077855650 5.895989931 11.844870695 17.619577851 14.754926575 15.691482128
1996.084931507 10.498054574 4.817190475 11.869235776 5.099108885 5.923188282 11.898387871 17.526093398 15.013744262 15.691482128
1996.161643836 10.531433690 4.841298113 12.278982514 5.118305355 5.947754535 11.946725966 17.441655827 15.247515077 15.691482128
1996.246575342 10.561845716 4.863648444 12.640818190 5.132370981 5.960525209 11.968710825 17.355046016 15.457925620 15.691482128
1996.328767123 10.586061836 4.881818758 12.917810496 5.140254613 5.961385588 11.964856376 17.276708914 15.622969977 15.691482128
1996.413698630 10.611085159 4.900594749 13.204035879 5.148401032 5.962274646 11.960873446 17.195760574 15.793515814 15.691482128
1996.495890411 10.635301279 4.918765063 13.481028186 5.156284664 5.963135025 11.957018997 17.117423471 15.958560171 15.691482128
1996.580821918 10.660025342 4.939422841 13.728992897 5.157549642 5.946986170 11.920134698 17.017012437 16.112439619 15.691482128
1996.665753425 10.684734188 4.960176303 13.975012151 5.158464716 5.929970980 11.881577447 16.915611774 16.265471624 15.691482128
1996.747945205 10.708645974 4.980260298 14.213095299 5.159350272 5.913504668 11.844263979 16.817482101 16.413567112 15.691482128
1996.832876712 10.736812795 5.005266069 14.471301492 5.155664441 5.883939431 11.783178264 16.690868207 16.577884503 15.691482128
1996.915068493 10.769369517 5.035980838 14.739851987 5.145047735 5.836098000 11.689543635 16.529705457 16.754193457 15.691482128
1997.000000000 10.803011464 5.067719432 15.017354165 5.134077139 5.786661854 11.592787852 16.363170614 16.936379375 15.691482128
1997.084931507 10.828656464 5.096460390 15.178888098 5.110013230 5.717292098 11.471815193 16.180902689 17.056854213 15.691482128
1997.161643836 10.851819689 5.122419966 15.324789714 5.088278086 5.654635544 11.362549566 16.016273595 17.165670195 15.691482128
1997.246575342 10.866760469 5.141964512 15.413262829 5.064525769 5.592281772 11.257380660 15.867084196 17.238922842 15.691482128
1997.328767123 10.872688410 5.153549379 15.440655134 5.041787983 5.537530898 11.168199323 15.749069753 17.272178118 15.691482128
1997.413698630 10.878813948 5.165520408 15.468960515 5.018292271 5.480954995 11.076045274 15.627121496 17.306541904 15.691482128
1997.495890411 10.884741889 5.177105276 15.496352820 4.995554485 5.426204121 10.986863936 15.509107053 17.339797180 15.691482128
1997.580821918 10.874734861 5.177080344 15.453117746 4.966773684 5.362547431 10.886788551 15.384893718 17.329963381 15.691482128
1997.665753425 10.863907532 5.176445447 15.406245022 4.937724148 5.298530701 10.786310387 15.260565211 17.317882248 15.691482128
1997.747945205 10.853429472 5.175831031 15.360884322 4.909611695 5.236579027 10.689073453 15.140247300 17.306190829 15.691482128
1997.832876712 10.828184784 5.165252291 15.269730231 4.873230618 5.157464250 10.565073530 14.993774894 17.267412757 15.691482128
1997.915068493 10.781663326 5.139778265 15.113666112 4.826789310 5.057767457 10.409032201 14.818097236 17.188978991 15.691482128
1998.000000000 10.733591154 5.113455104 14.952399857 4.778799958 4.954747438 10.247789494 14.636563656 17.107930766 15.691482128
1998.084931507 10.649822068 5.057397861 14.726496650 4.730238129 4.848428553 10.076247413 14.457007794 16.971297915 15.691482128
1998.161643836 10.574159668 5.006765513 14.522455045 4.686375831 4.752398592 9.921306179 14.294828305 16.847887599 15.691482128
1998.246575342 10.494239770 4.950923273 14.324745549 4.647383634 4.665684015 9.779488272 14.149742343 16.719645511 15.691482128
1998.328767123 10.419965597 4.897053745 14.155883149 4.617275902 4.597390608 9.665934231 14.036807842 16.602227400 15.691482128
1998.413698630 10.343215617 4.841388566 13.981392002 4.586164579 4.526820755 9.548595056 13.920108858 16.480895353 15.691482128
1998.495890411 10.268941444 4.787519038 13.812529602 4.556056847 4.458527349 9.435041016 13.807174357 16.363477242 15.691482128
1998.580821918 10.176839939 4.717459236 13.633036054 4.527230133 4.390082918 9.317900411 13.692301606 16.218838981 15.691482128
1998.665753425 10.083957848 4.646667504 13.453288146 4.498519586 4.321746561 9.200769902 13.577521714 16.073015658 15.691482128
1998.747945205 9.994071953 4.578159376 13.279338558 4.470735186 4.255614601 9.087417798 13.466444400 15.931896313 15.691482128
1998.832876712 9.877973807 4.488115825 13.070948658 4.437871814 4.176111280 8.951131222 13.330722044 15.745598410 15.691482128
1998.915068493 9.730047773 4.371478148 12.825394090 4.399705351 4.082061912 8.789888950 13.167288569 15.503292616 15.691482128
1999.000000000 9.577190872 4.250952550 12.571654370 4.360266672 3.984877565 8.623271935 12.998407310 15.252909962 15.691482128
1999.084931507 9.421531452 4.124853181 12.353691720 4.323869820 3.893700819 8.472495692 12.834046898 14.975268605 15.691482128
1999.161643836 9.280935846 4.010956977 12.156822230 4.290995244 3.811347630 8.336310699 12.685592332 14.724495767 15.691482128
1999.246575342 9.155526509 3.908563234 11.996718357 4.261868682 3.738708476 8.221104339 12.553176408 14.487586530 15.691482128
1999.328767123 9.058270858 3.828365044 11.887890486 4.239475844 3.683186314 8.137962227 12.450490571 14.290781557 15.691482128
1999.413698630 8.957773352 3.745493581 11.775435019 4.216336579 3.625813414 8.052048712 12.344381872 14.087416419 15.691482128
1999.495890411 8.860517702 3.665295391 11.666607148 4.193943742 3.570291252 7.968906600 12.241696034 13.890611446 15.691482128
1999.580821918 8.767042696 3.587521570 11.590531576 4.170991800 3.515249217 7.898709437 12.141293985 13.671039951 15.691482128
1999.665753425 8.673924767 3.510006951 11.516305830 4.148049383 3.460325702 7.829311411 12.041182104 13.450644405 15.691482128
1999.747945205 8.583810643 3.434992804 11.444474463 4.125847044 3.407173912 7.762152030 11.944299639 13.237358392 15.691482128
1999.832876712 8.478090951 3.346989127 11.379032360 4.098279548 3.342458142 7.689046045 11.828851882 12.965724849 15.691482128
1999.915068493 8.356472419 3.245752336 11.329160101 4.064514511 3.264825717 7.612616769 11.693629727 12.624343842 15.691482128
2000.000000000 8.230799937 3.141140985 11.277625433 4.029623972 3.184605544 7.533639850 11.553900167 12.271583469 15.691482128
2000.084931507 8.121050967 3.050600343 11.282325301 3.993981435 3.105896795 7.476454508 11.427931683 11.906650815 15.691482128
2000.161643836 8.021922866 2.968821698 11.286570344 3.961788176 3.034805021 7.424803232 11.314153697 11.577034223 15.691482128
2000.246575342 7.938379820 2.900156970 11.308718006 3.932790533 2.971267317 7.384290688 11.216793897 11.280086443 15.691482128
2000.328767123 7.878416886 2.851141547 11.344056488 3.910024039 2.921869992 7.358372619 11.145374825 11.046899118 15.691482128
2000.413698630 7.816455187 2.800492277 11.380572920 3.886498661 2.870826091 7.331590615 11.071575118 10.805938881 15.691482128
2000.495890411 7.756492253 2.751476854 11.415911403 3.863732167 2.821428766 7.305672546 11.000156046 10.572751555 15.691482128
2000.580821918 7.705627582 2.709911904 11.476770690 3.841405059 2.773028951 7.284494752 10.936300367 10.346496641 15.691482128
2000.665753425 7.655327166 2.668808869 11.538867750 3.819138880 2.724763580 7.263601917 10.872950317 10.120989454 15.691482128
2000.747945205 7.606649343 2.629031738 11.598961679 3.797590965 2.678055157 7.243383044 10.811643816 9.902756693 15.691482128
2000.832876712 7.553627592 2.585085729 11.684361704 3.772474375 2.622735034 7.219589065 10.742291964 9.648504067 15.691482128
2000.915068493 7.498146431 2.538201165 11.802713046 3.743800435 2.558389727 7.192117332 10.665980958 9.358407707 15.691482128
2001.000000000 7.440815898 2.489753782 11.925009432 3.714170696 2.491899577 7.163729875 10.587126253 9.058641469 15.691482128
2001.084931507 7.402286179 2.453178073 12.063234449 3.690081538 2.434119879 7.129676659 10.523211269 8.813029019 15.691482128
2001.161643836 7.367485144 2.420141948 12.188082851 3.668323590 2.381931764 7.098918916 10.465481607 8.591185517 15.691482128
2001.246575342 7.343076961 2.394132668 12.304458452 3.651034095 2.338129702 7.068240520 10.418067264 8.410325451 15.691482128
2001.328767123 7.330710493 2.377383461 12.399666805 3.639721410 2.306880281 7.041241360 10.385332832 8.286904896 15.691482128
2001.413698630 7.317931809 2.360075948 12.498048769 3.628031637 2.274589213 7.013342228 10.351507251 8.159370322 15.691482128
2001.495890411 7.305565341 2.343326741 12.593257122 3.616718952 2.243339792 6.986343069 10.318772819 8.035949767 15.691482128
2001.580821918 7.305315321 2.332045304 12.692381047 3.609665654 2.217804543 6.950240789 10.292906406 7.942515157 15.691482128
2001.665753425 7.305702353 2.321070277 12.791542699 3.602848108 2.192612810 6.913721401 10.267444696 7.850814444 15.691482128
2001.747945205 7.306076899 2.310449284 12.887505587 3.596250484 2.168233713 6.878380057 10.242804332 7.762071818 15.691482128
2001.832876712 7.313926498 2.300809668 13.005717706 3.591140885 2.142077692 6.831108377 10.215763398 7.670497890 15.691482128
2001.915068493 7.332957464 2.293527202 13.149306763 3.588813126 2.115287874 6.768886307 10.187174970 7.582072228 15.691482128
2002.000000000 7.352622796 2.286001987 13.297682123 3.586407775 2.087605063 6.704590168 10.157633596 7.490699044 15.691482128
2002.084931507 7.390194979 2.287025649 13.297682123 3.592253299 2.070054227 6.630509965 10.137812387 7.436657807 15.691482128
2002.161643836 7.424131143 2.287950247 13.297682123 3.597533128 2.054201858 6.563598815 10.119909359 7.387846367 15.691482128
2002.246575342 7.460375669 2.291840782 13.297682123 3.605469062 2.043293325 6.501942925 10.105567240 7.356818296 15.691482128
2002.328767123 7.494392922 2.297890609 13.297682123 3.614814979 2.038030355 6.452177666 10.096054407 7.345131793 15.691482128
2002.413698630 7.529544083 2.304142098 13.297682123 3.624472426 2.032591954 6.400753564 10.086224480 7.333055740 15.691482128
2002.495890411 7.563561336 2.310191925 13.297682123 3.633818342 2.027328984 6.350988304 10.076711648 7.321369238 15.691482128
2002.580821918 7.606382041 2.321414504 13.297682123 3.648862558 2.027571759 6.299637257 10.071547720 7.326647850 15.691482128
2002.665753425 7.649592723 2.332889849 13.297682123 3.664180677 2.028103407 6.248289924 10.066621048 7.332808903 15.691482128
2002.747945205 7.691409511 2.343995023 13.297682123 3.679004664 2.028617905 6.198598957 10.061853300 7.338771212 15.691482128
2002.832876712 7.746359165 2.359969252 13.297682123 3.699718245 2.032423637 6.139329937 10.057276400 7.358188610 15.691482128
2002.915068493 7.817523382 2.382321635 13.297682123 3.728030887 2.041123346 6.069834750 10.053383085 7.397291781 15.691482128
2003.000000000 7.891059741 2.405419098 13.297682123 3.757287283 2.050113045 5.998023057 10.049359994 7.437698390 15.691482128
2003.084931507 7.970244135 2.431624542 13.297682123 3.789393762 2.066409006 5.933489079 10.050990747 7.499254324 15.691482128
2003.161643836 8.041765523 2.455293976 13.297682123 3.818393163 2.081127939 5.875200325 10.052463686 7.554853232 15.691482128
2003.246575342 8.107764571 2.476157869 13.297682123 3.843410946 2.096688545 5.825039117 10.054898472 7.612599029 15.691482128
2003.328767123 8.161126372 2.492091709 13.297682123 3.861972268 2.111161144 5.787950592 10.057895501 7.665445515 15.691482128
2003.413698630 8.216266899 2.508556677 13.297682123 3.881152301 2.126116163 5.749625783 10.060992431 7.720053551 15.691482128
2003.495890411 8.269628699 2.524490517 13.297682123 3.899713623 2.140588762 5.712537258 10.063989460 7.772900038 15.691482128
2003.580821918 8.325897522 2.537039175 13.297682123 3.912671726 2.158325552 5.678024170 10.069415607 7.831964426 15.691482128
2003.665753425 8.382223716 2.549388700 13.297682123 3.925313459 2.176203789 5.643704898 10.074960188 7.891255408 15.691482128
2003.747945205 8.436732936 2.561339852 13.297682123 3.937547395 2.193505308 5.610492700 10.080325912 7.948633778 15.691482128
2003.832876712 8.504127090 2.572509928 13.297682123 3.946972116 2.215740981 5.570804168 10.087923495 8.020558914 15.691482128
2003.915068493 8.586306212 2.581512460 13.297682123 3.951163520 2.243936092 5.524168820 10.098421724 8.109522668 15.691482128
2004.000000000 8.671224637 2.590815076 13.297682123 3.955494638 2.273071040 5.475978960 10.109269895 8.201451881 15.691482128
2004.084931507 8.755140653 2.589322443 13.297682123 3.942076248 2.301761976 5.429617656 10.120205400 8.284520366 15.691482128
2004.161643836 8.830935765 2.587974259 13.297682123 3.929956411 2.327676371 5.387742930 10.130082631 8.359549966 15.691482128
2004.246575342 8.898605345 2.583753632 13.297682123 3.913250144 2.349920981 5.350383261 10.138948984 8.424010890 15.691482128
2004.328767123 8.951144212 2.577495043 13.297682123 3.894462471 2.366310535 5.321402721 10.145880285 8.471562872 15.691482128
2004.413698630 9.005434374 2.571027833 13.297682123 3.875048542 2.383246406 5.291456163 10.153042630 8.520699921 15.691482128
2004.495890411 9.057973241 2.564769244 13.297682123 3.856260868 2.399635960 5.262475622 10.159973931 8.568251903 15.691482128
2004.580821918 9.109653282 2.555572503 13.297682123 3.829271096 2.412589521 5.233844293 10.164279120 8.608004611 15.691482128
2004.665753425 9.161200605 2.546236973 13.297682123 3.801896112 2.425340591 5.205279840 10.168439030 8.647280150 15.691482128
2004.747945205 9.211085111 2.537202589 13.297682123 3.775404192 2.437680337 5.177636821 10.172464750 8.685288735 15.691482128
2004.832876712 9.270958591 2.526233390 13.297682123 3.740197199 2.449771692 5.144779820 10.176265655 8.727546633 15.691482128
2004.915068493 9.341658489 2.513114834 13.297682123 3.694125256 2.460462148 5.106405431 10.179393862 8.773011119 15.691482128
2005.000000000 9.414715050 2.499558992 13.297682123 3.646517582 2.471508953 5.066751895 10.182626343 8.819991088 15.691482128
2005.084931507 9.483335901 2.490766698 13.297682123 3.597539358 2.473258448 5.031170021 10.178162651 8.856702086 15.691482128
2005.161643836 9.545316025 2.482825272 13.297682123 3.553300962 2.474838638 4.999031555 10.174130929 8.889860406 15.691482128
2005.246575342 9.600595046 2.477844136 13.297682123 3.513710417 2.473193949 4.971316207 10.169453941 8.917420213 15.691482128
2005.328767123 9.643457914 2.476061039 13.297682123 3.482878627 2.468897270 4.950764240 10.164757834 8.936797827 15.691482128
2005.413698630 9.687749545 2.474218506 13.297682123 3.451019111 2.464457369 4.929527208 10.159905190 8.956821360 15.691482128
2005.495890411 9.730612413 2.472435409 13.297682123 3.420187322 2.460160691 4.908975241 10.155209083 8.976198973 15.691482128
2005.580821918 9.774350201 2.474479480 13.297682123 3.390081417 2.451276193 4.889757324 10.146026756 8.994663009 15.691482128
2005.665753425 9.818059827 2.476721174 13.297682123 3.360064680 2.442165698 4.870642074 10.136624274 9.013047748 15.691482128
2005.747945205 9.860359465 2.478890557 13.297682123 3.331016224 2.433349091 4.852143444 10.127525099 9.030839431 15.691482128
2005.832876712 9.912716676 2.483070651 13.297682123 3.296313581 2.420720557 4.830124997 10.116441167 9.053179971 15.691482128
2005.915068493 9.976635277 2.490086032 13.297682123 3.255550362 2.403108853 4.804368374 10.103138365 9.080861155 15.691482128
2006.000000000 10.042684498 2.497335260 13.297682123 3.213428369 2.384910092 4.777753198 10.089392136 9.109465045 15.691482128
2006.084931507 10.108296805 2.505878821 13.297682123 3.174237258 2.364354693 4.753089967 10.070920841 9.140572687 15.691482128
2006.161643836 10.167559533 2.513595586 13.297682123 3.138838835 2.345788526 4.730813501 10.054237091 9.168669912 15.691482128
2006.246575342 10.220300194 2.520087700 13.297682123 3.108218179 2.328847356 4.711352338 10.040499929 9.196500824 15.691482128
2006.328767123 10.261081306 2.524735462 13.297682123 3.085415629 2.315333086 4.696664816 10.030978834 9.220822527 15.691482128
2006.413698630 10.303221789 2.529538149 13.297682123 3.061852995 2.301368339 4.681487709 10.021140369 9.245954954 15.691482128
2006.495890411 10.344002901 2.534185911 13.297682123 3.039050445 2.287854068 4.666800186 10.011619274 9.270276657 15.691482128
2006.580821918 10.382482263 2.536801643 13.297682123 3.018690201 2.274359833 4.654093784 9.999357370 9.297156124 15.691482128
2006.665753425 10.420775466 2.539306173 13.297682123 2.998492790 2.260889522 4.641513011 9.986972240 9.324124422 15.691482128
2006.747945205 10.457833404 2.541729913 13.297682123 2.978946908 2.247853737 4.629338069 9.974986630 9.350222776 15.691482128
2006.832876712 10.501456630 2.542980331 13.297682123 2.957347619 2.232423851 4.616200075 9.962239198 9.386029615 15.691482128
2006.915068493 10.551839628 2.542268790 13.297682123 2.934297043 2.214489130 4.602632081 9.949347832 9.434224319 15.691482128
2007.000000000 10.603902058 2.541533530 13.297682123 2.910478114 2.195956585 4.588611819 9.936026753 9.484025514 15.691482128
2007.084931507 10.651956690 2.536023068 13.297682123 2.894315452 2.179426398 4.583107204 9.918294178 9.536436599 15.691482128
2007.161643836 10.695360873 2.531045877 13.297682123 2.879716918 2.164495907 4.578135293 9.902277658 9.583775644 15.691482128
2007.246575342 10.735469897 2.525121869 13.297682123 2.869345952 2.151775391 4.576714182 9.889449169 9.631182801 15.691482128
2007.328767123 10.767952720 2.519059377 13.297682123 2.863925308 2.142501384 4.578593321 9.880942883 9.673072745 15.691482128
2007.413698630 10.801518304 2.512794802 13.297682123 2.858323975 2.132918244 4.580535096 9.872153053 9.716359020 15.691482128
2007.495890411 10.834001127 2.506732311 13.297682123 2.852903330 2.123644237 4.582414234 9.863646767 9.758248963 15.691482128
2007.580821918 10.873491348 2.498773947 13.297682123 2.851940865 2.115504458 4.591823137 9.851242665 9.805426935 15.691482128
2007.665753425 10.913282823 2.490729458 13.297682123 2.851214274 2.107438071 4.601611725 9.838654787 9.852802789 15.691482128
2007.747945205 10.951790702 2.482944469 13.297682123 2.850511122 2.099631889 4.611084551 9.826472969 9.898650390 15.691482128
2007.832876712 11.002728367 2.472923363 13.297682123 2.852028308 2.090567531 4.626317769 9.812744686 9.961212903 15.691482128
2007.915068493 11.069101723 2.460196831 13.297682123 2.856934596 2.080266424 4.649402169 9.797711855 10.045027149 15.691482128
2008.000000000 11.137687524 2.447046082 13.297682123 2.862004427 2.069621947 4.673256050 9.782177930 10.131635204 15.691482128
2008.084931507 11.214763324 2.433824778 13.297682123 2.871754240 2.060214370 4.706870299 9.758863042 10.224653898 15.691482128
2008.161643836 11.284380176 2.421882955 13.297682123 2.880560523 2.051717205 4.737231556 9.737804434 10.308670784 15.691482128
2008.246575342 11.343535900 2.411370319 13.297682123 2.889774651 2.043773637 4.766469949 9.719503667 10.389333778 15.691482128
2008.328767123 11.386501719 2.403355511 13.297682123 2.898264628 2.037253075 4.791277770 9.705789321 10.457547693 15.691482128
2008.413698630 11.430899732 2.395073544 13.297682123 2.907037604 2.030515161 4.816912519 9.691617830 10.528035405 15.691482128
2008.495890411 11.473865552 2.387058736 13.297682123 2.915527580 2.023994600 4.841720340 9.677903485 10.596249320 15.691482128
2008.580821918 11.504160175 2.378910052 13.297682123 2.925590181 2.016524435 4.868394052 9.658852173 10.665501683 15.691482128
2008.665753425 11.533737676 2.370768145 13.297682123 2.935718357 2.009017037 4.895120593 9.639552736 10.734691231 15.691482128
2008.747945205 11.562361065 2.362888880 13.297682123 2.945519817 2.001751813 4.920984988 9.620875861 10.801648859 15.691482128
2008.832876712 11.579653463 2.353329842 13.297682123 2.958097550 1.991561970 4.951966206 9.598474665 10.885232574 15.691482128
2008.915068493 11.577564092 2.341907749 13.297682123 2.974022907 1.977590633 4.988467292 9.572043393 10.988175619 15.691482128
2009.000000000 11.575405076 2.330104920 13.297682123 2.990479108 1.963153585 5.026185081 9.544731080 11.094550098 15.691482128
2009.084931507 11.523993171 2.316673205 13.297682123 3.007347742 1.945759303 5.057102523 9.512818126 11.184833697 15.691482128
2009.161643836 11.477556611 2.304541334 13.297682123 3.022583928 1.930048339 5.085027955 9.483993523 11.266380174 15.691482128
2009.246575342 11.413563881 2.293140919 13.297682123 3.036447455 1.914388538 5.107636574 9.459579463 11.336780805 15.691482128
2009.328767123 11.341608969 2.283727132 13.297682123 3.047468809 1.900616210 5.122894050 9.441929301 11.389064440 15.691482128
2009.413698630 11.267255559 2.273999553 13.297682123 3.058857542 1.886384805 5.138660108 9.423690801 11.443090862 15.691482128
2009.495890411 11.195300646 2.264585767 13.297682123 3.069878897 1.872612477 5.153917585 9.406040639 11.495374497 15.691482128
2009.580821918 11.096520702 2.252434017 13.297682123 3.081195269 1.856828107 5.163102924 9.389332296 11.531344674 15.691482128
2009.665753425 10.996498731 2.240159005 13.297682123 3.092507961 1.840964773 5.171953650 9.372701757 11.566396737 15.691482128
2009.747945205 10.899703276 2.228279961 13.297682123 3.103455728 1.825613160 5.180518869 9.356607687 11.600318088 15.691482128
2009.832876712 10.764996443 2.212773249 13.297682123 3.116957911 1.805663868 5.188052007 9.339928211 11.636196571 15.691482128
2009.915068493 10.581488834 2.192814958 13.297682123 3.133379404 1.780097362 5.193323256 9.323711797 11.672183974 15.691482128
2010.000000000 10.391864305 2.172191391 13.297682123 3.150348280 1.753678638 5.198770213 9.306954836 11.709370956 15.691482128
2010.084931507 10.196903198 2.146938255 13.297682123 3.150348280 1.726694417 5.193471752 9.299995269 11.715655340 15.691482128
2010.161643836 10.020809295 2.124128970 13.297682123 3.150348280 1.702321573 5.188686046 9.293709208 11.721331557 15.691482128
2010.246575342 9.857615811 2.102882909 13.297682123 3.150348280 1.679988799 5.181854402 9.291299201 11.722421760 15.691482128
2010.328767123 9.725004282 2.085515698 13.297682123 3.150348280 1.662083474 5.174021243 9.292592772 11.719337220 15.691482128
2010.413698630 9.587972370 2.067569580 13.297682123 3.150348280 1.643581304 5.165926979 9.293929461 11.716149863 15.691482128
2010.495890411 9.455360841 2.050202369 13.297682123 3.150348280 1.625675978 5.158093820 9.295223032 11.713065323 15.691482128
2010.580821918 9.327547793 2.030277369 13.297682123 3.150348280 1.607596567 5.143040451 9.306151357 11.697234061 15.691482128
2010.665753425 9.200203501 2.010251749 13.297682123 3.150348280 1.589538653 5.127633230 9.317567393 11.680759889 15.691482128
2010.747945205 9.076967089 1.990872116 13.297682123 3.150348280 1.572063251 5.112723016 9.328615170 11.664817142 15.691482128
2010.832876712 8.925083950 1.967015007 13.297682123 3.150348280 1.550518226 5.092114538 9.345602542 11.645460869 15.691482128
2010.915068493 8.740500421 1.938056652 13.297682123 3.150348280 1.524325050 5.064201182 9.370578658 11.622312870 15.691482128
2011.000000000 8.549764108 1.908133018 13.297682123 3.150348280 1.497258768 5.035357380 9.396387311 11.598393271 15.691482128
